    9 base-pairs
...     1 A-U   # 0:.780_:[..A]A - 0:.866_:[..U]U
   89.4496   139.7116    65.9471  # origin
   -0.5057     0.8214    -0.2638  # x-axis
   -0.1856     0.1951     0.9631  # y-axis
    0.8425     0.5360     0.0538  # z-axis
...     2 C-G   # 0:.781_:[..C]C - 0:.865_:[..G]G
   91.6475   142.0161    65.1026  # origin
   -0.6783     0.6765     0.2867  # x-axis
    0.2028    -0.2027     0.9580  # y-axis
    0.7062     0.7080     0.0003  # z-axis
...     3 G-U   # 0:.782_:[..G]G - 0:.864_:[..U]U
   92.8376   145.6251    63.8258  # origin
   -0.7423     0.3626     0.5635  # x-axis
    0.3975    -0.4387     0.8059  # y-axis
    0.5394     0.8222     0.1815  # z-axis
...     4 C-G   # 0:.783_:[..C]C - 0:.863_:[..G]G
   93.6950   148.9403    63.4676  # origin
   -0.3465    -0.0674     0.9356  # x-axis
    0.8088    -0.5268     0.2615  # y-axis
    0.4752     0.8473     0.2371  # z-axis
...     5 A-U   # 0:.784_:[..A]A - 0:.862_:[..U]U
   94.1699   152.8368    64.2657  # origin
    0.0484    -0.5507     0.8333  # x-axis
    0.8749    -0.3791    -0.3013  # y-axis
    0.4819     0.7437     0.4634  # z-axis
...     6 U-A   # 0:.785_:[..U]U - 0:.861_:[..A]A
   94.6988   155.5219    66.2240  # origin
    0.4395    -0.7482     0.4970  # x-axis
    0.7458    -0.0044    -0.6662  # y-axis
    0.5006     0.6635     0.5560  # z-axis
...     7 G-U   # 0:.786_:[..G]G - 0:.860_:[..U]U
   95.9818   156.1962    70.1798  # origin
    0.6050    -0.7822     0.1491  # x-axis
    0.5821     0.3067    -0.7531  # y-axis
    0.5433     0.5424     0.6408  # z-axis
...     8 G-C   # 0:.787_:[..G]G - 0:.859_:[..C]C
   97.4473   157.0521    73.5026  # origin
    0.7738    -0.4855    -0.4068  # x-axis
    0.0722     0.7057    -0.7048  # y-axis
    0.6293     0.5160     0.5811  # z-axis
...     9 A-U   # 0:.788_:[..A]A - 0:.858_:[..U]U
   99.8012   157.3366    76.4115  # origin
    0.6476     0.0049    -0.7620  # x-axis
   -0.3778     0.8705    -0.3155  # y-axis
    0.6617     0.4922     0.5656  # z-axis
