    9 base-pairs
...     1 G-U   # 0:1848_:[..G]G - 0:1883_:[..U]U
  111.5398   130.4033    83.4371  # origin
   -0.5861     0.0274    -0.8098  # x-axis
    0.4590     0.8349    -0.3039  # y-axis
    0.6677    -0.5498    -0.5019  # z-axis
...     2 G-C   # 0:1849_:[..G]G - 0:1882_:[..C]C
  112.8967   127.3807    81.2521  # origin
   -0.3294     0.6908    -0.6437  # x-axis
    0.7325     0.6171     0.2874  # y-axis
    0.5957    -0.3769    -0.7093  # z-axis
...     3 U-A   # 0:1850_:[..U]U - 0:1881_:[..A]A
  113.0117   125.9161    77.7275  # origin
    0.0676     0.9166    -0.3941  # x-axis
    0.7884     0.1930     0.5841  # y-axis
    0.6115    -0.3502    -0.7096  # z-axis
...     4 G-C   # 0:1851_:[..G]G - 0:1880_:[..C]C
  113.3917   124.6088    74.4723  # origin
    0.3426     0.9376    -0.0601  # x-axis
    0.6941    -0.2095     0.6887  # y-axis
    0.6331    -0.2776    -0.7226  # z-axis
...     5 A-U   # 0:1852_:[..A]A - 0:1879_:[..U]U
  114.8335   125.0605    70.6949  # origin
    0.5255     0.6780     0.5140  # x-axis
    0.4539    -0.7344     0.5046  # y-axis
    0.7196    -0.0319    -0.6937  # z-axis
...     6 C-G   # 0:1853_:[..C]C - 0:1878_:[..G]G
  116.6308   125.8230    67.5433  # origin
    0.6382     0.0986     0.7635  # x-axis
    0.0282    -0.9941     0.1048  # y-axis
    0.7693    -0.0454    -0.6373  # z-axis
...     7 C-G   # 0:1854_:[..C]C - 0:1877_:[..G]G
  119.1885   126.9221    66.4113  # origin
    0.4327    -0.2949     0.8520  # x-axis
   -0.1361    -0.9555    -0.2616  # y-axis
    0.8912    -0.0028    -0.4536  # z-axis
...     8 U-A   # 0:1897_:[..U]U - 0:1942_:[..A]A
  111.3817   106.9338    80.4691  # origin
    0.8415    -0.5083     0.1828  # x-axis
   -0.4943    -0.8611    -0.1191  # y-axis
    0.2179     0.0099    -0.9759  # z-axis
...     9 G-U   # 0:1898_:[..G]G - 0:1939_:[..U]U
  114.4307   106.5856    77.8811  # origin
    0.3471    -0.9033     0.2522  # x-axis
   -0.9022    -0.3950    -0.1731  # y-axis
    0.2560    -0.1674    -0.9521  # z-axis
