   11 base-pairs
...     1 U-A   # 0:1419_:[..U]U - 0:1678_:[..A]A
   68.4468   168.2438    60.4003  # origin
    0.6412    -0.7378    -0.2110  # x-axis
   -0.5111    -0.6157     0.5997  # y-axis
   -0.5724    -0.2767    -0.7719  # z-axis
...     2 C-G   # 0:1420_:[..C]C - 0:1444_:[..G]G
   62.6361   174.0571    57.5688  # origin
   -0.4137    -0.8835    -0.2197  # x-axis
    0.5269    -0.4292     0.7336  # y-axis
   -0.7424     0.1877     0.6431  # z-axis
...     3 A-U   # 0:1448_:[..A]A - 0:1677_:[..U]U
   81.9124   176.6031    52.4450  # origin
   -0.7371    -0.5081    -0.4455  # x-axis
    0.2622     0.3927    -0.8815  # y-axis
    0.6229    -0.7666    -0.1562  # z-axis
...     4 C-G   # 0:1451_:[..C]C - 0:1676_:[..G]G
   82.4323   173.6619    51.1507  # origin
    0.0627     0.4350    -0.8982  # x-axis
    0.7335     0.5902     0.3370  # y-axis
    0.6768    -0.6800    -0.2821  # z-axis
...     5 G-C   # 0:1453_:[..G]G - 0:1674_:[..C]C
   85.4431   169.7841    44.9726  # origin
    0.4664     0.8838     0.0372  # x-axis
    0.4956    -0.2959     0.8166  # y-axis
    0.7328    -0.3624    -0.5760  # z-axis
...     6 U-G   # 0:1454_:[..U]U - 0:1491_:[..G]G
   92.0269   169.2114    50.1249  # origin
    0.4139    -0.2543     0.8741  # x-axis
   -0.7471    -0.6435     0.1666  # y-axis
    0.5201    -0.7220    -0.4563  # z-axis
...     7 C-G   # 0:1455_:[..C]C - 0:1490_:[..G]G
   95.3913   165.0475    50.7959  # origin
   -0.8292    -0.0955     0.5507  # x-axis
   -0.5459    -0.0728    -0.8346  # y-axis
    0.1198    -0.9928     0.0082  # z-axis
...     8 A-U   # 0:1494_:[..A]A - 0:1511_:[..U]U
   88.8397   188.9186    50.1227  # origin
   -0.6705    -0.1605    -0.7243  # x-axis
    0.0448    -0.9833     0.1765  # y-axis
   -0.7405     0.0859     0.6665  # z-axis
...     9 G-C   # 0:1512_:[..G]G - 0:1450_:[..C]C
   90.8421   186.0463    47.9364  # origin
   -0.7576     0.2679    -0.5952  # x-axis
    0.2788     0.9573     0.0761  # y-axis
    0.5902    -0.1083    -0.7999  # z-axis
...    10 C-G   # 0:1513_:[..C]C - 0:1449_:[..G]G
   91.5335   184.6022    44.7641  # origin
   -0.3819     0.8211    -0.4243  # x-axis
    0.7070     0.5552     0.4381  # y-axis
    0.5953    -0.1327    -0.7925  # z-axis
...    11 C-G   # 0:1514_:[..C]C - 0:1672_:[..G]G
   92.3371   182.1878    41.4566  # origin
   -0.1772     0.9674    -0.1810  # x-axis
    0.7478     0.2519     0.6142  # y-axis
    0.6398    -0.0265    -0.7681  # z-axis
