   12 base-pairs
...     1 C-G   # 0:1147_:[..C]C - 0:1216_:[..G]G
   35.6544    77.4802   163.9450  # origin
   -0.4478    -0.6057    -0.6577  # x-axis
    0.7292    -0.6731     0.1234  # y-axis
   -0.5175    -0.4243     0.7431  # z-axis
...     2 G-A   # 0:1151_:[..G]G - 0:1215_:[..A]A
   31.6797    80.3902   173.9758  # origin
   -0.2620    -0.2350     0.9360  # x-axis
    0.7144    -0.6993     0.0245  # y-axis
    0.6488     0.6752     0.3511  # z-axis
...     3 A-G   # 0:1152_:[..A]A - 0:1214_:[..G]G
   34.9928    83.2325   173.1585  # origin
   -0.3231     0.2927     0.9000  # x-axis
    0.5585    -0.7088     0.4310  # y-axis
    0.7640     0.6418     0.0655  # z-axis
...     4 A-C   # 0:1154_:[..A]A - 0:1213_:[..C]C
   38.3007    86.8447   174.9129  # origin
   -0.1027    -0.8227     0.5591  # x-axis
    0.6216    -0.4919    -0.6096  # y-axis
    0.7766     0.2849     0.5619  # z-axis
...     5 G-C   # 0:1155_:[..G]G - 0:1212_:[..C]C
   40.2912    88.2352   177.2256  # origin
    0.2483    -0.9541    -0.1675  # x-axis
    0.5035     0.2749    -0.8191  # y-axis
    0.8275     0.1190     0.5486  # z-axis
...     6 G+C   # 0:2786_:[..G]G - 0:1153_:[..C]C
   36.0999    88.0632   171.1514  # origin
    0.0674    -0.9157     0.3961  # x-axis
    0.6684    -0.2533    -0.6993  # y-axis
    0.7407     0.3119     0.5950  # z-axis
...     7 C-G   # 0:2780_:[..C]C - 0:2794_:[..G]G
   40.8181   111.3583   160.2613  # origin
    0.5596    -0.5315    -0.6359  # x-axis
    0.8004     0.1477     0.5810  # y-axis
   -0.2149    -0.8341     0.5080  # z-axis
...     8 U+A   # 0:2791_:[..U]U - 0:2793_:[..A]A
   36.2624   108.2249   160.0751  # origin
    0.7275     0.1571     0.6679  # x-axis
    0.6788    -0.3063    -0.6674  # y-axis
    0.0997     0.9389    -0.3295  # z-axis
...     9 G-A   # 0:2782_:[..G]G - 0:2792_:[..A]A
   39.8158   104.2604   160.2638  # origin
    0.7365     0.2206     0.6395  # x-axis
   -0.6765     0.2344     0.6982  # y-axis
    0.0041    -0.9468     0.3219  # z-axis
...    10 A-U   # 0:2783_:[..A]A - 0:2789_:[..U]U
   40.4696   100.8396   159.5617  # origin
    0.3828     0.2388     0.8925  # x-axis
   -0.9149    -0.0361     0.4020  # y-axis
    0.1282    -0.9704     0.2046  # z-axis
...    11 A-A   # 0:2784_:[..A]A - 0:2788_:[..A]A
   42.5660    97.7934   159.4837  # origin
   -0.2835     0.0551     0.9574  # x-axis
   -0.9573    -0.0753    -0.2792  # y-axis
    0.0567    -0.9956     0.0741  # z-axis
...    12 C+C   # 0:2785_:[..C]C - 0:2787_:[..C]C
   45.0010    94.4737   160.8937  # origin
   -0.5580     0.0892    -0.8251  # x-axis
   -0.8293    -0.0229     0.5584  # y-axis
    0.0309     0.9957     0.0868  # z-axis
