    8 base-pairs
...     1 C-G   # 0:.905_:[..C]C - 0:1300_:[..G]G
   26.8462   108.2750    67.7579  # origin
    0.7319    -0.4414    -0.5191  # x-axis
    0.6502     0.6803     0.3383  # y-axis
    0.2039    -0.5851     0.7849  # z-axis
...     2 C-G   # 0:.906_:[..C]C - 0:1299_:[..G]G
   25.6589   104.5073    70.0256  # origin
    0.9573    -0.0691    -0.2806  # x-axis
    0.2102     0.8329     0.5119  # y-axis
    0.1984    -0.5490     0.8119  # z-axis
...     3 A-U   # 0:.907_:[..A]A - 0:1298_:[..U]U
   27.4189   101.5294    71.6241  # origin
    0.9360     0.3489     0.0456  # x-axis
   -0.3087     0.7518     0.5827  # y-axis
    0.1690    -0.5595     0.8114  # z-axis
...     4 A-U   # 0:.908_:[..A]A - 0:1297_:[..U]U
   28.5516    98.1809    73.3358  # origin
    0.5969     0.7577     0.2639  # x-axis
   -0.7488     0.4079     0.5224  # y-axis
    0.2881    -0.5094     0.8108  # z-axis
...     5 U-A   # 0:.909_:[..U]U - 0:1296_:[..A]A
   31.1848    95.5304    75.1107  # origin
    0.0645     0.9498     0.3060  # x-axis
   -0.9369    -0.0480     0.3463  # y-axis
    0.3436    -0.3090     0.8868  # z-axis
...     6 C-G   # 0:.910_:[..C]C - 0:1295_:[..G]G
   33.6397    95.7437    78.1025  # origin
   -0.4728     0.8008     0.3678  # x-axis
   -0.8310    -0.5440     0.1161  # y-axis
    0.2930    -0.2507     0.9226  # z-axis
...     7 U-A   # 0:1326_:[..U]U - 0:1331_:[..A]A
   14.6678   117.5228    73.9983  # origin
    0.2156     0.6358     0.7412  # x-axis
   -0.9587    -0.0064     0.2844  # y-axis
    0.1856    -0.7719     0.6081  # z-axis
...     8 G-A   # 0:1327_:[..G]G - 0:1330_:[..A]A
   18.1282   112.4532    73.0001  # origin
   -0.7009     0.5492     0.4551  # x-axis
   -0.7091    -0.6054    -0.3615  # y-axis
    0.0770    -0.5761     0.8138  # z-axis
