   11 base-pairs
...     1 G-C   # 0:1535_:[..G]G - 0:1650_:[..C]C
  116.0189   158.0364    70.6363  # origin
    0.6403     0.5972    -0.4832  # x-axis
   -0.6740     0.1350    -0.7263  # y-axis
   -0.3685     0.7907     0.4889  # z-axis
...     2 C-G   # 0:1536_:[..C]C - 0:1649_:[..G]G
  116.0703   160.6467    73.2335  # origin
    0.1205     0.5469    -0.8285  # x-axis
   -0.9360    -0.2156    -0.2784  # y-axis
   -0.3308     0.8090     0.4859  # z-axis
...     3 C-G   # 0:1537_:[..C]C - 0:1648_:[..G]G
  116.5261   164.2402    74.9153  # origin
   -0.3076     0.1747    -0.9353  # x-axis
   -0.8732    -0.4425     0.2045  # y-axis
   -0.3781     0.8796     0.2887  # z-axis
...     4 C-G   # 0:1538_:[..C]C - 0:1647_:[..G]G
  116.6551   168.3687    75.4700  # origin
   -0.6461    -0.1812    -0.7415  # x-axis
   -0.5935    -0.4917     0.6373  # y-axis
   -0.4800     0.8517     0.2101  # z-axis
...     5 U-G   # 0:1539_:[..U]U - 0:1646_:[..G]G
  115.2129   171.6241    74.3379  # origin
   -0.8720    -0.4438    -0.2068  # x-axis
   -0.0969    -0.2576     0.9614  # y-axis
   -0.4799     0.8583     0.1816  # z-axis
...     6 G-U   # 0:1540_:[..G]G - 0:1645_:[..U]U
  114.2861   175.8570    72.5436  # origin
   -0.8876    -0.4603    -0.0159  # x-axis
    0.1118    -0.2488     0.9621  # y-axis
   -0.4468     0.8522     0.2723  # z-axis
...     7 G-C   # 0:1541_:[..G]G - 0:1644_:[..C]C
  111.7175   178.7369    72.1091  # origin
   -0.6014    -0.5742     0.5556  # x-axis
    0.6147     0.1116     0.7808  # y-axis
   -0.5103     0.8111     0.2858  # z-axis
...     8 G-C   # 0:1542_:[..G]G - 0:1643_:[..C]C
  107.9830   180.7848    72.0487  # origin
   -0.0895    -0.5536     0.8279  # x-axis
    0.8158     0.4361     0.3798  # y-axis
   -0.5714     0.7094     0.4126  # z-axis
...     9 C-G   # 0:1594_:[..C]C - 0:1600_:[..G]G
  134.9188   174.5184    78.8267  # origin
    0.4820    -0.2171     0.8488  # x-axis
    0.4265     0.9044    -0.0109  # y-axis
   -0.7653     0.3673     0.5286  # z-axis
...    10 G-U   # 0:1595_:[..G]G - 0:1599_:[..U]U
  129.6995   173.1747    78.4292  # origin
    0.4762     0.6717     0.5674  # x-axis
   -0.0913     0.6796    -0.7279  # y-axis
   -0.8746     0.2948     0.3849  # z-axis
...    11 U-A   # 0:1596_:[..U]U - 0:1598_:[..A]A
  126.1238   171.8344    80.4886  # origin
    0.3182     0.8978     0.3045  # x-axis
   -0.2632     0.3922    -0.8814  # y-axis
   -0.9108     0.2003     0.3611  # z-axis
