TWOWAY.2VQE.18;0;-0.303828003667 -0.952719054877 0.0104291256196 0.910479514929 -0.293577790038 -0.291402306256 0.28062615898 -0.0789876038878 0.956594128838 ;-1.44135464072 6.24794155111 -2.5637298687;3.80774475763 6.1049467958 -4.25876881452 -5.85729101353 8.91650832927 -0.743256151213 ;5.4245150886 7.80809631286 1.98938444745 -7.84187810334 -6.00457888 0.225923865333;51.581265228
TWOWAY.2VQE.18;1;-0.304000061728 0.910421931174 0.280563486053 -0.952615652281 -0.293704151023 -0.0791283179458 0.0103625044444 -0.291324181813 0.956568261857 ;5.02787198353 2.87316371685 3.63077441478;0.439720481953 0.20106490205 2.98934679057 10.1775513479 3.15184488038 3.15155821487 ;-3.49979697245 5.16391349469 6.19239894259 3.98563906286 -7.99003410861 2.07401934261;51.581265228
TWOWAY.1S72.90;0;0.621919602821 -0.447024261461 0.642898846859 0.648820587304 0.753841198289 -0.103439611625 -0.43842576224 0.481512093762 0.758884164129 ;3.42155299435 0.91706173081 -5.69760915176;5.73836425323 5.44390862612 -7.28276394812 -0.869513459579 -2.31739832668 -5.62490613845 ;1.9709600352 8.71687497429 -3.87568286495 1.9709600352 8.71687497429 -3.87568286495;46.0777330841
TWOWAY.1S72.90;1;0.621830653051 0.648915087651 -0.438447086825 -0.447240967319 0.753823408474 0.481379046062 0.642885803294 -0.103244747348 0.758971913886 ;1.72654986619 -2.12397130277 5.66283380262;-1.58319419164 0.747058321363 8.9100386103 3.55173803852 -6.89967136547 3.71130856459 ;-3.13263204883 5.51336663326 5.71468027073 -3.13263204883 5.51336663326 5.71468027073;46.0777330841
TWOWAY.2VQE.8;0;-0.117310768547 0.990122190237 0.0768604708734 -0.992914531216 -0.115751405279 -0.0255028601646 -0.0163735113825 -0.0793482637353 0.996691753336 ;0.126225880432 -5.2468112138 14.304444205;-5.0043654218 -7.40231281703 14.3641486685 5.44755230824 -6.1819260503 14.1081390906 ;-2.23234321192 4.15455732084 4.62424486856 2.87417409758 -6.94570167512 2.97002304819;40.3526520373
TWOWAY.2VQE.8;1;-0.117111795531 -0.992985563917 -0.0162633699054 0.99013218364 -0.115474894091 -0.0793965223111 0.0769615895627 -0.0254011552445 0.996710436909 ;5.09681384626 0.235452542774 -14.4578417294;10.4092102934 0.947883934398 -15.3916532903 -0.0185216742897 2.44419615912 -13.6805902476 ;2.11360000435 8.12926970314 -3.32167358156 2.45456644909 -7.43521225204 -4.06180772725;40.3526520373
TWOWAY.2HW8.0;0;-0.120054127639 -0.356750552759 0.926429619315 -0.585154045345 0.779310769454 0.224186613851 -0.801990453409 -0.515200644652 -0.302328609945 ;-0.243237675922 -7.34094166834 8.70812251865;-3.26642537635 -2.78567013321 8.55566193478 2.85327880531 -11.1615436364 6.38085716477 ;-2.19540824684 4.27646841724 4.67697485873 3.58853306178 -6.39192408983 2.44646898409;60.8004648809
TWOWAY.2HW8.0;1;-0.120033939331 -0.585180354654 -0.801969953262 -0.356917000166 0.779236273337 -0.515170928245 0.926391984206 0.224398713995 -0.302395616298 ;-10.8819321977 4.96484984215 -1.8224494071;-13.3235549944 9.51297528324 -3.06487451852 -8.11964708374 1.78429489846 1.59976287014 ;-2.45306204179 -1.63030433603 -4.71376600632 -2.45306204179 -1.63030433603 -4.71376600632;60.8004648809
TWOWAY.2VQE.10;0;-0.223559237175 -0.461530717409 0.858456798192 -0.962433972354 0.243638602902 -0.119686006007 -0.153870808469 -0.853053082656 -0.498715011277 ;-0.875617049665 -8.83599724381 4.13081331317;-5.54282685319 -6.68446773475 2.33883158018 4.25768698525 -9.76910341433 3.8920875883 ;-3.47102171499 3.94381991609 4.85959906976 5.10951832093 -6.96403582963 -1.85577742313;54.3166227737
TWOWAY.2VQE.10;1;-0.223516141129 -0.962471767335 -0.153911116358 -0.461633011675 0.243605491986 -0.852966193238 0.858449472705 -0.119601259852 -0.498758500133 ;-8.25768567742 2.73100444525 -6.17105821583;-10.6551232031 5.23807008357 -10.2030093383 -5.04423650575 2.46924446824 -1.58349942296 ;0.0943437288978 9.87165542103 -3.54248332537 -0.543957265089 -2.60971171507 -5.23650718845;60.4545601701
TWOWAY.1S72.62;0;-0.722892807637 0.688781653532 0.0549423554639 0.688046517833 0.724797286569 -0.0352018846082 -0.0641074090254 0.012289854819 -0.997826011676 ;-0.556895611566 2.94082076443 3.39936010911;4.31373954144 5.77322812215 3.06731187489 -3.52120718213 -1.793080486 2.97407087003 ;-9.28554458921 -0.430002690647 1.23190120264 3.59195711449 -7.36469972352 2.25364800456;5.97874029655
TWOWAY.1S72.62;1;-0.722888087195 0.687982080946 -0.0641363367251 0.68877153551 0.724872590716 0.0123894753537 0.0550144095967 -0.0352190789883 -0.99786423486 ;-2.19132908121 -0.725515449308 3.9794805248;2.65351973978 2.38624928981 3.2505444143 -4.91673076601 -5.03301522443 2.96445466034 ;-8.3360865001 7.65409523816 -0.41166098009 3.9310282996 -7.66398636052 2.48721324685;5.97874029655
TWOWAY.2VQE.13;0;-0.0718641209834 0.997376515368 -0.0111424731457 -0.997183513846 -0.0716012869631 0.0225779852717 0.0217231551293 0.0127690052018 0.999691030788 ;5.88746725169 -3.32331738123 10.4595076025;0.805716744026 -6.20473382037 10.6405512341 10.747513447 -3.19288484828 10.2147706738 ;-5.25105555777 4.83125013877 4.79468498415 4.44980057443 -7.69989092972 2.37947734969;60.334378643
TWOWAY.2VQE.13;1;-0.0716629233732 -0.997190181101 0.0218212769871 0.997367755278 -0.0713991245464 0.0126382651525 -0.0110447338428 0.0226695330731 0.999682002501 ;4.69796774445 5.86429160431 -10.2907062789;9.94396384558 7.94482894312 -10.4832371553 -0.560667322027 6.31241195591 -10.0932258575 ;-3.06995734045 -2.30807386137 -4.48331432444 -3.06995734045 -2.30807386137 -4.48331432444;60.334378643
TWOWAY.3CGS.0;0;0.205949226755 -0.947980148704 0.242808182858 0.922746515813 0.27072318036 0.274168063732 -0.325618815022 0.167643368368 0.9305154208 ;2.97812418101 4.46622113761 -6.81769544034;7.68180941008 7.06287214006 -6.08407702784 -2.40533600717 4.21613337986 -8.02540795338 ;3.79708155027 8.78313214018 -2.63819787845 -3.89266815597 -3.0091746197 -4.73648794163;59.1064870871
TWOWAY.3CGS.0;1;0.205758313304 0.922804757156 -0.325722115733 -0.948034409173 0.270506812144 0.167501712253 0.24268142807 0.274330903755 0.930509688136 ;4.6288663819 -1.02658477024 6.71305430558;-0.679807612218 -0.942509085773 7.79910839451 9.31820775966 -3.70628940874 6.66665400246 ;-2.97284394768 3.81908087033 4.36983615697 2.85091282139 -11.1272460355 -0.615430920942;59.1064870871
TWOWAY.2GDI.1;0;0.718594074031 -0.564661475575 0.405878078701 0.562617702392 0.815162696559 0.137964593624 -0.408769893992 0.129189951901 0.903468532985 ;2.6526870177 0.77801980859 -10.9672258578;4.64663490638 5.7585118981 -10.8011153735 -1.59876679217 -2.91887806173 -12.0755231218 ;2.45898994365 9.39358028206 -3.26391844337 -2.59631970211 -3.36281678288 -4.83795007848;36.2139264321
TWOWAY.2GDI.1;1;0.718496771295 0.562712732263 -0.408799181246 -0.56486755401 0.815023095322 0.12908137169 0.405816505413 0.138172844798 0.903449627204 ;2.76405319326 0.739794052925 11.1256497235;-1.22942349851 4.44748138886 12.0150648573 4.76137256234 -4.2581778289 11.197742313 ;-3.97540104835 5.72202757666 5.00506275107 2.97608466216 -6.55379851795 2.90696028945;36.2139264321
TWOWAY.1S72.19;0;-0.660806590776 -0.738622149864 0.133337989024 -0.734754947949 0.672864102879 0.086470315839 -0.15353753428 -0.040773262298 -0.987280520748 ;-0.205615413989 3.74793530168 -3.64704885969;-3.09580062067 8.422461417 -3.21274955625 4.54198490086 0.948935459532 -4.3293068052 ;-7.68808147687 7.72139873166 -0.387662490293 3.95762704769 -7.22157534523 2.8889336992;64.7761279963
TWOWAY.1S72.19;1;-0.660804654242 -0.73469158048 -0.153510555024 -0.738634083053 0.672871853606 -0.0407818584358 0.133255019736 0.0864392861859 -0.987305094446 ;2.80595747157 -0.821060748562 -3.23133116885;-0.298190245623 3.39705985119 -3.97422658008 7.31125991583 -3.75338167189 -2.52002395824 ;2.46268991725 9.20235290849 -2.06237864515 -1.51165075249 -10.8607325148 -4.80867472907;66.1857532032
TWOWAY.4P95.2;0;0.501328104187 -0.829122408591 -0.247444263469 0.86484200384 0.471473097921 0.17245262054 -0.0262225598038 -0.300440718649 0.953475957712 ;-12.7702731882 -2.83284055691 9.60744412071;-9.01550586778 1.15001328928 10.5246030485 -17.8784351712 -4.5519083393 9.27047071747 ;-4.09876043754 3.60123083342 4.20528417673 0.0785826839787 -9.84160966745 3.32004993289;43.5727123407
TWOWAY.4P95.2;1;0.50115807021 0.86495180856 -0.0264378049765 -0.829193881571 0.471251743602 -0.30059823838 -0.247544128244 0.172569299184 0.953384361919 ;5.85963056266 11.7909926585 -10.3485544132;0.914252391712 13.1484563689 -12.1762990198 9.53508347915 8.10725902438 -8.33979870105 ;2.73404623132 8.92403412949 -2.0188622853 -2.8960155946 -2.14322365654 -4.15956471368;43.5727123407
TWOWAY.4P95.0;0;-0.0337285222642 0.999387594219 0.00702945991208 -0.986166435211 -0.0344399992956 0.161850481963 0.16195607003 -0.00141423703067 0.986774225096 ;4.48753383185 -3.14543276586 9.01543190458;-0.881258371707 -4.80149470186 9.59019851149 9.89865403861 -4.19854386665 8.33114461421 ;-3.9224723157 4.17897893715 4.52975322812 4.3452945889 -7.95463739809 0.532146827888;68.9498700271
TWOWAY.4P95.0;1;-0.0335305921389 -0.986204062304 0.162102581368 0.999412377264 -0.0342401611821 -0.00158478198768 0.00711333694819 0.161954187527 0.986772639254 ;3.93772632699 3.41373322934 -9.46897414437;9.30440807388 4.45658984142 -9.54429909238 -1.27569149684 5.15975507058 -9.59852762861 ;3.18601212755 9.606136922 -2.36987939878 -4.05700669327 -4.91535809099 -4.74678159334;68.9498700271
TWOWAY.1GID.2;0;-0.128830291923 0.991572854312 0.0156847210809 0.631131650928 0.0941334489065 -0.769882213714 -0.764891932187 -0.0892245252442 -0.637921050107 ;-12.0384343531 4.79085245844 -3.91018892182;-7.80568342942 4.00183599617 -7.64943721736 -15.9349410895 3.00684430714 -0.683281359636 ;-1.35690026857 5.77267771443 6.60655521652 0.954522920221 -9.81784375426 1.13805804193;73.4395807961
TWOWAY.1GID.2;1;-0.128790381705 0.631075402602 -0.764955471783 0.991544999073 0.0942856646842 -0.0891556405882 0.0158604033325 -0.769970161543 -0.637882746232 ;-5.37451795258 4.80382296884 -11.3846227074;-0.211441278548 4.62621848406 -11.1139830714 -10.5706125804 2.96743724561 -9.78387640545 ;3.68741755398 8.77908838706 -2.62361760066 -5.60336723327 -3.48674625292 -2.41634269341;73.4395807961
TWOWAY.1S72.12;0;-0.714041617007 -0.674835000449 -0.18651300585 0.633616009131 -0.736183548215 0.238023751569 -0.297930668525 0.0517586223323 0.953214525575 ;8.79693824082 -3.50299851795 -15.9822718215;13.1450458184 -6.28578493283 -14.9170382112 6.49743493832 1.29977039241 -16.3380850066 ;3.21042378725 8.54302012036 -2.33983204499 -2.846719731 -2.9381325888 -4.60607315627;47.8021811044
TWOWAY.1S72.12;1;-0.714156441224 0.633397934704 -0.297972538618 -0.674656193132 -0.736313282095 0.0517858250771 -0.186600103234 0.238012199105 0.953168712532 ;0.716109963803 -3.97313049346 18.2986092544;-1.85571671631 -8.97392536257 18.6323169392 4.97324394375 -0.934376090501 18.5522057337 ;-2.47915422789 3.48555982518 4.28507566765 2.53122682755 -7.50906111908 3.14204188119;47.8021811044
TWOWAY.1S72.17;0;-0.658003252461 -0.750697816177 -0.0597325584415 0.706057429131 -0.64258491677 0.297711154491 -0.261811720973 0.153759830012 0.952808431657 ;7.26081675309 1.63260762597 -12.6677329356;11.3808078923 -1.22019394633 -11.2585242029 4.92415448023 6.44276961929 -14.7888161326 ;2.12559046782 8.56511307457 -1.96493945936 -2.12278770886 -2.567356938 -3.9171206568;52.6518272627
TWOWAY.1S72.17;1;-0.658121447958 0.705888940926 -0.261910219001 -0.750530442195 -0.642712304272 0.153704096484 -0.059834898483 0.297727555017 0.952773891281 ;4.88111282761 0.13431078869 14.5044880581;2.81680028581 -5.10598180224 15.1916549066 8.3392954717 3.42531418681 14.4205559057 ;-0.717508413499 4.90792968695 5.71479545425 2.0081905145 -5.82881267086 3.88173374233;52.6518272627
TWOWAY.1LNG.3;0;-0.783519650589 0.60354337905 -0.147501853364 -0.620653648148 -0.749262620556 0.231132049872 0.0289715262815 0.272688186165 0.961637334857 ;3.50929571146 -3.29603885374 -17.7332073217;1.21386830296 -8.33218823079 -16.5113975496 8.01814275591 0.0169582656438 -18.4671265569 ;4.19367788575 9.07658486504 -1.52222240838 -4.59110142235 -3.59419430068 -4.37925436608;36.5857793609
TWOWAY.1LNG.3;1;-0.783426812726 -0.62080377552 0.0290706278434 0.603734193779 -0.749119368656 0.27262647481 -0.147470174492 0.231133822288 0.961680666245 ;2.54656071899 3.97106106429 18.1925456256;6.85591854992 0.587683560428 19.2966389548 0.469063321728 9.01528441256 17.074993355 ;-3.23741606393 4.22450065618 4.16755330148 3.49834501775 -7.95883285677 2.06943022498;36.5857793609
TWOWAY.1GID.5;0;-0.418513067459 0.874645949377 -0.244860134779 -0.846579460023 -0.278023544796 0.453892747691 0.328908950396 0.397154970655 0.856761484682 ;4.88029496049 -1.74383790633 12.1794232432;1.53381838766 -5.23425817736 15.0028625667 9.12977623723 -0.575622856838 10.074382852 ;-2.70991542257 3.63152691476 4.5212078905 2.94227728886 -7.04681880848 2.75712564086;59.826407061
TWOWAY.1GID.5;1;-0.418316840122 -0.846614184938 0.329021949317 0.874689683726 -0.277848499121 0.397137468289 -0.244803959228 0.453921395616 0.856753399846 ;7.10211374903 -1.43893158719 -10.822778047;12.4884495653 -1.80744352603 -9.55312586527 2.82792568017 1.13753969206 -13.0302553006 ;1.98479693143 9.07257329391 -2.45461639579 -0.52093050579 -3.63181535356 -5.60228850855;59.826407061
TWOWAY.1S72.31;0;-0.408267629373 -0.905417275237 -0.116221299717 0.892262129039 -0.422725250814 0.158629963775 -0.192815350835 -0.0389311260656 0.98047311942 ;-6.37524670137 3.78620089358 -4.69794839215;-1.93724747485 0.33961088403 -3.16082759343 -11.3207594627 4.96439732966 -6.07234250936 ;3.29598059463 4.64205704261 -2.906280949 -6.59784830946 -7.37256049582 -2.14488504333;45.3647343625
TWOWAY.1S72.31;1;-0.408453454749 0.892173520084 -0.192852755659 -0.905335980909 -0.422904030699 -0.0389736127472 -0.116329432975 0.158677631945 0.980453401312 ;-1.728098573 5.81787705588 4.05927023091;-6.97960995926 4.99018031373 4.14937731623 2.48135378369 9.04972077947 3.44179674724 ;2.79485054061 -3.44332303982 3.60886397775 2.79485054061 -3.44332303982 3.60886397775;45.3647343625
TWOWAY.1S72.30;0;-0.785667510945 0.61833362594 -0.0189836581477 -0.61803060026 -0.783101694808 0.0687640366074 0.0276399298294 0.0657713756103 0.997467302937 ;9.15945576507 3.65435705155 16.8301935465;7.9708077146 -2.01924482616 16.8570479326 12.358232891 7.4848161339 16.574444697 ;-1.86083108366 3.71657430305 4.57088842963 3.06377562962 -6.78219142827 2.87991066308;55.5824554205
TWOWAY.1S72.30;1;-0.78555553103 -0.618169850158 0.0277226265589 0.618501577613 -0.783029024019 0.065736945723 -0.0189289766698 0.068786509568 0.997451808331 ;5.58263192843 7.34524427132 -16.8563909893;9.89223374643 4.19928630528 -16.8986236753 3.62069833316 12.2685817507 -16.9090436254 ;2.65210065417 8.64950827962 -1.68837872387 -0.347156667713 -2.6523838263 -5.0156366766;55.5824554205
TWOWAY.1S72.49;0;0.0317770975406 -0.523947731081 0.851186161287 0.381609237604 0.793472628561 0.474234918051 -0.923787550153 0.309659495455 0.22516800185 ;7.17285349608 -0.833443182433 -6.0741608181;8.9775935251 3.85782184624 -4.43921274991 5.81093493855 -4.40449437307 -10.1986354717 ;3.1823423406 7.33088659814 -3.18404477678 0.759588474596 -4.59764374237 -6.86921119664;54.6822195553
TWOWAY.1S72.49;1;0.0316857698585 0.381574269981 -0.923794938542 -0.524102549514 0.79334318086 0.309714570169 0.851065526021 0.474349737926 0.225121737174 ;4.31680464367 2.22886854525 8.65790112939;1.45496369348 5.68478281028 11.7002870387 7.02643350562 -2.37379226794 8.53200314346 ;-1.90263003637 7.07513319424 7.28741301964 1.13468507199 -5.0613395767 5.00251268601;54.6822195553
TWOWAY.2ZY6.0;0;-0.694003350769 0.719331164097 0.0298510549234 -0.707053024879 -0.688874481956 0.159668212614 0.135444132499 0.0896743140754 0.986743119746 ;4.77677342645 2.54588616398 10.0534604375;1.89481494949 -2.08539717758 10.723011778 9.43295930761 5.55127475373 9.8238252291 ;-2.68035219998 4.19855359576 5.1011122368 3.96365689876 -8.10772506435 0.775671092983;52.2872747739
TWOWAY.2ZY6.0;1;-0.6938714295 -0.707235206293 0.135502038002 0.719477575415 -0.688703464573 0.0896635732117 0.0299074873317 0.159705669484 0.986711528936 ;1.49804170729 3.59515686474 -10.8335271639;6.28003437043 1.06036246094 -10.5064893825 -1.32769326836 8.36155839999 -11.4018546898 ;2.82211649918 8.13131752526 -3.1933250416 -3.16850284811 -2.21592524569 -4.00445306594;52.2872747739
TWOWAY.1S72.51;0;-0.48176238875 0.875971144217 0.0232638192419 -0.824730287492 -0.462308397601 0.325706306971 0.296046248353 0.137777412753 0.945190025006 ;8.98617241858 0.539227530779 12.1894179664;5.5173439738 -3.28974010323 13.7903832882 13.757927714 2.25907095826 10.6113280158 ;-3.1827979385 4.54632044333 4.96510631555 3.19768821772 -7.3891466446 2.69540381436;67.2347650812
TWOWAY.1S72.51;1;-0.481601544992 -0.824830233213 0.296167247073 0.876079997737 -0.46209934923 0.137651839819 0.0233192929954 0.325759539873 0.945165029376 ;4.10081276337 4.10054699492 -13.860512637;9.44574169814 2.67078095948 -13.9587102245 0.0334240860224 7.76269997539 -14.8218416769 ;-1.58817543113 -2.13509415778 -4.38962027781 -1.58817543113 -2.13509415778 -4.38962027781;67.2347650812
TWOWAY.1S72.39;0;-0.429542111398 -0.508227524458 0.746461008975 0.603432788538 -0.776523422392 -0.181506898474 0.671881837083 0.372432040158 0.640215270406 ;4.07435978979 -5.81485279 -9.22530127636;7.47690114645 -9.14952655674 -11.2186094584 1.70541848463 -0.651559972794 -8.83774662688 ;3.59718062823 8.23111278608 -1.6556164114 -2.43825879216 -1.82558715481 -4.26574659047;97.857026012
TWOWAY.1S72.39;1;-0.42965204851 0.603343987083 0.671844588028 -0.508180113059 -0.776572971064 0.372407563435 0.746426211961 -0.181412386191 0.640263583405 ;5.60779719394 -8.18811662551 5.60434794884;3.06463077392 -13.1920361378 6.71641158004 8.85129162677 -4.90263975061 2.73170020904 ;-3.90680332489 4.65304117304 4.6303518258 4.45533549393 -6.98693030296 0.223385764478;97.857026012
TWOWAY.1LNG.2;0;-0.642288711748 0.754829922123 0.133163881844 -0.718718586881 -0.6534873136 0.237518554717 0.266321539798 0.0567799329509 0.96219879269 ;4.42548671479 -2.50240103946 9.43239512591;1.38583063661 -6.6894201398 10.5289410023 9.04796071997 -0.336697261802 8.23996030756 ;-2.56593984894 2.77644565633 4.45842920272 3.40383031602 -7.64620658032 2.00431594636;67.0051354332
TWOWAY.1LNG.2;1;-0.64212990855 -0.718826946096 0.266377555571 0.754932720643 -0.653338796621 0.0567891198421 0.133213242016 0.237563125076 0.962194363814 ;4.08591999572 -0.567535808748 -9.99642504977;9.07196965292 -2.80080298433 -10.1750813856 0.568455107713 3.65257143992 -10.4441128336 ;6.10150007057 4.06503567956 -2.0419037406 -4.12521617166 -1.64821474594 -4.22276164409;67.0051354332
TWOWAY.1S72.94;0;0.947347291744 0.15764889618 -0.278830404294 -0.132985777591 0.985512112104 0.105475873332 0.291322331277 -0.0627657558734 0.954521979416 ;-1.54839672512 -1.62449270548 3.90395991615;-3.41803866307 3.3432466846 4.5665417504 -2.20160901095 -7.03415512342 3.92256999928 ;-3.17930247503 -10.5761300956 -2.80421919274 -3.17930247503 -10.5761300956 -2.80421919274;53.8060834749
TWOWAY.1S72.94;1;0.947344850649 -0.132733208091 0.291409727736 0.157478256823 0.985506900409 -0.0630614610794 -0.278815947494 0.105631646373 0.954517481614 ;3.20897689371 2.50119897466 -3.38505783345;2.48916077866 7.91488263174 -3.55418891225 0.861049899465 -2.82003786902 -3.55586447529 ;-1.06357124879 -8.61141812613 -6.17541404536 -1.06357124879 -8.61141812613 -6.17541404536;53.8060834749
TWOWAY.2VQE.9;0;-0.773866883203 -0.46646803469 0.428426095954 0.613254100648 -0.38251434538 0.691035623985 -0.158424903593 0.797519789037 0.582084552291 ;3.76917203979 1.0245838044 -22.6915230607;8.17753657275 -0.0558507425595 -19.4710103329 1.84275937138 3.56654538922 -27.056938956 ;3.65243446227 8.37924447901 -2.20708568793 -4.226338262 -3.86803382972 -3.76512318463;61.9864835011
TWOWAY.2VQE.9;1;-0.77397046504 0.613076080296 -0.158453270761 -0.466392586275 -0.382666770151 0.797523729108 0.428307920442 0.691161242252 0.582106916722 ;13.0416596574 14.2722188298 13.5001677225;11.3772918548 10.7095672203 17.8702970812 16.8099731431 16.0539792472 9.8599290431 ;5.69004875541 -1.02782909532 3.96103271624 2.43496716906 -6.56931047395 3.59525689742;61.9864835011
TWOWAY.2HOJ.0;0;0.0974840653834 0.986891847282 -0.128839740623 -0.897674715267 0.143131170766 0.416799464401 0.429787266291 0.0750581727095 0.899765306313 ;7.95132081516 9.32903047651 -4.30479259045;3.58112994555 9.56301489422 -2.62062825207 12.6697413458 7.17801120764 -7.10063731797 ;5.25459156168 4.86969938711 -3.05787605943 -2.75297524754 -3.89039214669 -5.66893054403;64.265499754
TWOWAY.2HOJ.0;1;0.0976696681483 -0.897599445605 0.429855639923 0.986851867614 0.143238342618 0.0748743520203 -0.128778986291 0.416890887948 0.899787730654 ;-10.4535873918 8.90833200029 0.622396326774;-5.03474721431 11.2370378196 0.504325905084 -15.8576423485 9.00989604252 -0.594157330475 ;-5.27071974634 3.51465374982 0.236471247962 -2.91264567835 -0.74087437492 3.63316941134;59.2059506901
TWOWAY.1S72.59;0;0.0526342015124 -0.938410330061 -0.341381594798 0.975928754185 0.120880655516 -0.181695662791 0.211743621022 -0.323545758045 0.922221270308 ;10.5836095198 -0.010806736298 -11.4739990064;15.5146774662 0.577153755063 -12.47964861 5.46910671038 1.81632122407 -9.33439453864 ;2.25300392496 7.82491052134 -2.78208078229 3.43128700318 -6.17353546796 -4.40354162935;56.804987082
TWOWAY.1S72.59;1;0.0524447185659 0.975938965946 0.211642827053 -0.938428376732 0.120632895742 -0.323728105373 -0.341469959495 -0.181633805261 0.92217537787 ;-5.13697585689 -11.5329023439 8.38913026601;-9.99278854232 -13.3041617474 5.77950993875 -0.420420945697 -12.4694177729 10.1003095282 ;-0.952327058216 4.51057994089 5.21349077987 2.24746822894 -6.52192053656 2.8503780701;56.804987082
TWOWAY.1KD5.0;0;-0.920396449116 -0.387772062492 -0.0494621471943 0.388557019885 -0.893401132156 -0.225462345769 0.0432713069785 -0.226705581868 0.972995037573 ;6.59791912688 3.84572138022 -17.0686846496;8.70087609565 -0.613114935345 -18.1155216779 6.74789956816 9.66317947342 -15.6109886062 ;3.13768330791 8.59785608633 -0.868889043739 -1.0452080334 -2.82584793941 -5.09677244406;59.4819219562
TWOWAY.1KD5.0;1;-0.920500156686 0.388349148881 0.0431786996656 -0.387596715265 -0.893504846918 -0.22675509884 -0.0494797722042 -0.225464026172 0.97299420607 ;6.51813730074 -2.54381211163 17.311972578;6.66453210277 -8.35441659915 15.8360678893 8.64523782336 1.9223060139 18.3779514788 ;-1.05703863925 4.20987748831 5.30538497948 3.0363262882 -7.19190528712 1.11428305618;59.4819219562
TWOWAY.2OE5.1;0;-0.409028262803 0.902765699534 -0.133298394488 0.884840576069 0.356625488973 -0.299768686752 -0.223044041167 -0.240596309863 -0.944633802793 ;5.2075503061 -2.60793958987 9.45177087842;10.4062970347 -1.78485248852 8.31000675864 1.03399398159 -5.91009742243 10.8102664883 ;-2.92186183151 -0.17088041489 4.66413816903 3.10781732767 -7.72406086153 2.82519162882;67.666902206
TWOWAY.2OE5.1;1;-0.409014508605 0.884812388855 -0.223190878577 0.90275786078 0.356650953596 -0.240475242175 -0.13317423381 -0.299845183099 -0.944646753883 ;6.29983944877 0.187438241032 9.25952838325;11.7836743809 0.894051262274 8.45502915564 2.06208537267 -3.0452003682 10.5714404453 ;-3.13546366311 3.50858194811 4.33027073983 1.94553733287 -7.66571405939 2.96387035121;67.666902206
TWOWAY.3BNQ.2;0;0.507412671697 -0.769177152361 0.388361119175 0.658713541573 0.636817935786 0.400654161102 -0.55551957448 0.0525528565288 0.829808989853 ;5.79403826796 -2.82590864277 -9.34994720759;8.54757177426 1.30132870036 -7.69611697588 1.20192853287 -5.16464641779 -11.8539756966 ;3.53628616877 9.80122141366 -0.942266536675 -2.71845539948 -3.51729452571 -5.14121953038;28.1112953231
TWOWAY.3BNQ.2;1;0.507288783116 0.658777898229 -0.555580571411 -0.769359060331 0.636661104998 0.0524335166481 0.388258582404 0.400842011504 0.829807781961 ;-1.75985586967 3.01335916854 11.2193956283;-6.74162703898 5.61324567318 11.9126364277 1.51389023271 -1.11783347226 11.8561996079 ;0.382578224898 -4.74428836847 4.17735362561 3.34751832984 -8.35191852985 0.83934687397;28.1112953231
TWOWAY.3RW6.5;0;0.390760405715 0.887560517731 -0.244159338732 -0.913315894475 0.406915758029 0.0175662394095 0.114958291034 0.21609874609 0.96955010869 ;5.30676510239 2.41182526229 3.22494590796;-0.469756480389 2.26066420852 3.92798668671 9.88010781288 0.216140903543 3.21707841817 ;7.05270817707 -3.66929056192 -1.36375974561 3.35486357879 -7.30104097052 2.16780851656;93.5414863545
TWOWAY.3RW6.5;1;0.390926578357 -0.913203075205 0.115050222813 0.887473568303 0.407121251117 0.215969795233 -0.244063671811 0.0176756986949 0.969598109413 ;-2.72238004463 4.52371073856 -3.80727299646;1.35623239377 7.96475344781 -3.08768505793 -7.94762392986 3.81446018291 -5.02317164392 ;-3.53630773965 -3.54100756365 -5.46552541133 -3.53630773965 -3.54100756365 -5.46552541133;93.5414863545
TWOWAY.3BNO.1;0;-0.131527436703 0.796895448225 -0.589626151042 -0.951473480778 0.0654638240769 0.300713174161 0.278233851917 0.600572785648 0.749543983223 ;0.847675137151 4.17677307035 13.9581190509;-3.98746142833 3.26728996951 16.3423532635 6.08931022345 2.78549781154 13.280551442 ;1.1736953751 -4.27201587457 4.1437118498 3.33478147649 -8.1848241539 0.877136292411;40.6866510028
TWOWAY.3BNO.1;1;-0.131352548846 -0.951444191349 0.278389041917 0.796960666376 0.0656646677792 0.600451369934 -0.589576292062 0.300735934256 0.749638375275 ;6.0064492623 -3.01155235544 -12.7898901128;10.1495508035 -1.51241908319 -10.3039210064 1.47108756835 -1.7809196008 -15.6322339991 ;3.59438570208 9.737389127 -1.60607310042 -3.11329980407 -2.76812826268 -4.62830350843;40.6866510028
TWOWAY.2VQE.41;0;0.548823049654 0.774251222555 -0.315205321243 -0.756177864032 0.620554476366 0.207521974284 0.356295733474 0.124432800802 0.926107395712 ;-0.902169848117 -2.70335500788 4.82489641395;-6.03406403767 -0.737190066186 6.63986564426 2.322848884 -6.95940091973 3.77054281235 ;-6.26594343648 4.44668856951 3.72016695736 -6.26594343648 4.44668856951 3.72016695736;48.8267442845
TWOWAY.2VQE.41;1;0.548968921099 -0.756065891318 0.356367074311 0.774155689589 0.62067717214 0.124269128352 -0.315144557218 0.207663708843 0.926045189008 ;4.98912377121 1.16233355053 -3.57386489887;8.27918746723 5.17869488831 -3.73101042823 -0.0454471304158 -1.12372124678 -3.95981531423 ;3.16562348391 8.86203437227 -1.80396260267 3.16562348391 8.86203437227 -1.80396260267;48.8267442845
TWOWAY.2VQE.47;0;-0.00261405542337 0.980127336836 0.19855425027 -0.935129539796 0.0679341874906 -0.34776366971 -0.354305986063 -0.186561922579 0.916338102058 ;-3.92476979766 -5.14166436076 3.12087639554;-8.76098064042 -6.11747608005 0.974304435095 0.860325547154 -6.42729327913 4.96079443861 ;-4.49373055558 5.65975873401 3.68619638096 -11.1789008337 -0.259981704602 -0.232223137665;58.3059024688
TWOWAY.2VQE.47;1;-0.00242242695309 -0.935148241906 -0.354248355688 0.980061611963 0.0681619687395 -0.18663649904 0.198679059299 -0.347637327796 0.916337775997 ;5.08115479805 -1.66690047079 -5.0770876415;9.85310388459 0.387399925833 -6.43568215265 0.0345452606173 -1.02964959491 -3.04987719616 ;3.97194823519 8.96876496254 -1.38235272667 10.5350490457 1.7576204076 -1.26427652104;58.3059024688
TWOWAY.2VQE.45;0;0.256880465183 0.964386712923 -0.0626337332873 -0.957584270247 0.24523728638 -0.15128049691 -0.130555054846 0.0987864387458 0.98650842732 ;6.74808279052 5.94172763422 4.80909493929;1.22801975844 4.78165287527 3.87831106978 11.483606659 4.847405536 5.88649131866 ;10.0446356422 1.72935625594 1.06460921499 4.11750426872 -7.39107251165 0.868403697736;88.0720011361
TWOWAY.2VQE.45;1;0.257078789068 -0.957548096716 -0.130430589539 0.964365743156 0.245460768366 0.0987305657905 -0.0625236726338 -0.151164326708 0.986529338992 ;-6.54625414768 6.46216694142 -4.25260177073;-1.82050949521 9.03779144744 -3.86336289544 -12.0856275049 6.4235392059 -4.14626299367 ;-3.09176228434 -3.02455461843 -4.44136281331 -3.09176228434 -3.02455461843 -4.44136281331;88.0720011361
TWOWAY.1S72.34;0;0.922801984173 0.365439741987 -0.122369902271 0.256902610492 -0.346614256905 0.902180373114 0.28725949715 -0.863880817145 -0.413687255141 ;7.65978826433 -18.7683767397 5.76902501371;7.55494258171 -20.7249138416 10.8092417832 5.40390115235 -17.9020102848 1.07768500751 ;-2.06130681372 3.36726263858 4.30953463867 2.80605978113 -9.79407888311 3.51435607213;94.1151041421
TWOWAY.1S72.34;1;0.922774027596 0.256976385872 0.287143224015 0.365379011479 -0.346769330386 -0.863857169603 -0.122418429838 0.902061067006 -0.41388350949 ;0.910357066228 -13.2063631226 -16.4966826584;1.42469321945 -15.8885422962 -21.2748827454 -2.34738758737 -11.1267362755 -12.7036309811 ;2.62197975276 8.97769057962 -2.72589419003 -2.37416783715 -2.65533509671 -4.3865189732;94.1151041421
TWOWAY.1S72.86;0;0.216881679599 0.967976309672 -0.126086997615 -0.794657932645 0.250106550913 0.553138629347 0.566922406874 -0.0198324535003 0.823474351982 ;-0.813849608157 -4.16233177759 5.83290995687;-5.503570607 -4.22353029793 8.77904046824 3.11363892002 -6.83279908972 3.33326482655 ;-3.45298338679 4.11072389678 4.17441565572 -3.45298338679 4.11072389678 4.17441565572;52.3445587953
TWOWAY.1S72.86;1;0.217067292927 -0.794557253462 0.567063101703 0.967983959408 0.250219240297 -0.0199345457292 -0.126050960605 0.553235124298 0.823433089312 ;5.80123734281 -2.05108945039 -4.25799552392;10.6085877403 0.16305945298 -5.47467827387 0.270690666099 -2.0831600264 -4.46339239297 ;3.562560012 8.82061938227 -1.35888196644 7.77433089847 3.85228756095 -2.90973773549;52.3445587953
TWOWAY.4OO8.0;0;0.839405422335 0.0778487437601 -0.537995278836 -0.475629302156 0.58416674915 -0.657621826066 0.263090562785 0.807896639608 0.527444040145 ;8.0440119989 2.92352409389 16.9240722876;4.32984189036 5.3555180399 13.7710070818 10.1415132903 0.127497256268 21.1901750422 ;-1.87009862764 4.05775869625 5.42583036711 3.28979736915 -7.85118420673 2.64189164119;60.4966357763
TWOWAY.4OO8.0;1;0.839418449636 -0.475498505289 0.263206834788 0.0777562418255 0.584383810723 0.807743479468 -0.537894630265 -0.657568804942 0.527515529154 ;2.0736315413 14.2855131765 -12.6074424163;1.12513046469 18.1124759998 -8.76698345473 0.298857737596 11.8294945578 -17.1459760302 ;-3.4093089007 -2.07630274943 -4.0240623259 -3.4093089007 -2.07630274943 -4.0240623259;60.4966357763
TWOWAY.1S72.82;0;0.559679660527 -0.827353976693 0.0472526702163 0.814707203012 0.559772053755 0.151222224542 -0.151520750406 -0.0462331202994 0.987406552937 ;4.42744523129 1.92032113169 -2.58874922674;7.92643230703 5.88701106598 -1.99781252898 -0.880526181433 0.070706697431 -2.94688295569 ;-0.10406489807 2.61313601459 4.60783468022 -0.10406489807 2.61313601459 4.60783468022;58.6468051805
TWOWAY.1S72.82;1;0.55951859319 0.814824962315 -0.15165495265 -0.827475283342 0.559591683055 -0.046279625261 0.047155056288 0.151385035734 0.987349467829 ;-0.948243501105 -3.89554363514 3.7589550596;-6.25389780938 -1.28687298947 3.23282928382 2.28098959812 -6.98603791265 3.76609855873 ;-0.818974825671 4.30158014847 5.19045447104 -2.69612739264 -1.40093513474 7.66858051719;58.6468051805
TWOWAY.2PXV.1;0;-0.187857789192 -0.97898800221 -0.079375327206 0.981436820284 -0.190312921728 0.0232759449575 -0.0378955863395 -0.0735522042523 0.996584195031 ;6.34223248376 0.199814602524 -6.10997134772;11.5805368117 0.665310270358 -5.58611405463 1.09783392664 2.48234779795 -6.00160273983 ;-2.3095804939 -2.03716892897 -4.2750990999 -2.3095804939 -2.03716892897 -4.2750990999;61.2032204063
TWOWAY.2PXV.1;1;-0.188053031539 0.981423533406 -0.0379987553182 -0.978938070776 -0.190426685877 -0.0736065954346 -0.0794752220161 0.0233564848104 0.996563175972 ;0.335659352708 -5.29565361095 6.38681929141;-4.37616846102 -7.80041927889 5.78600914922 5.44007851134 -5.2128526335 6.91622870018 ;-4.03254363403 7.63790840154 6.81897864173 3.73656485803 -7.07799766244 2.21857664826;61.2032204063
TWOWAY.1DFU.0;0;0.115081205483 -0.985492546762 0.124811523587 0.988976962135 0.125430649344 0.0788806096043 -0.0933625235663 0.114324837236 0.989056965389 ;-0.590734933611 3.08163315911 25.8142806666;4.63752079573 5.3043447044 25.8221732838 -5.80006919983 3.65915990685 25.399164931 ;-2.08949909137 3.54286321638 4.61598840033 2.69787599798 -7.6176126422 2.4897266121;34.3394293973
TWOWAY.1DFU.0;1;0.114882772569 0.988971212198 -0.0934766816454 -0.98552060359 0.125281049456 0.114253221168 0.124704003412 0.078997468894 0.98904414029 ;-0.71444414175 -1.07532289694 -25.5416406753;-6.00420909234 -1.61947271142 -25.0504200998 4.34472219184 -3.41371615937 -25.9002452141 ;3.0445168156 8.86618298266 -2.32203910132 -1.66280455686 -2.13884697432 -4.66284221244;34.3394293973
TWOWAY.2VQE.26;0;-0.337753093507 -0.92894558391 0.151458641091 0.913882528279 -0.362174774318 -0.183222535059 0.22501474612 0.076599035072 0.971376019806 ;3.09438666143 7.60554203774 -10.910838587;8.5805045945 6.87517057574 -12.3738080791 -1.14521043365 10.7883966445 -10.1701250425 ;-3.30915657658 -1.93260955195 -4.36146468419 -3.30915657658 -1.93260955195 -4.36146468419;80.9258718778
TWOWAY.2VQE.26;1;-0.337944678684 0.913878402794 0.224988130922 -0.928910796682 -0.36232544233 0.0764526366238 0.151387337503 -0.18315714222 0.971357470398 ;9.17095509981 -1.78024051282 9.68089193572;4.59137732765 -4.83090961303 9.95354419013 14.7739481176 -1.24023630369 8.8755681735 ;-2.17739040409 3.03777957154 4.53031814916 3.23007194283 -8.52395856506 2.3442937306;80.9258718778
TWOWAY.2VQE.35;0;-0.113006829005 0.988984837644 -0.0952073920943 -0.993282617654 -0.10979050928 0.0381175227236 0.0272822663997 0.098887199452 0.99472589678 ;0.110650422817 -4.07015426016 7.48214325337;-5.24311933478 -6.15923091586 7.91465693203 5.48009755026 -4.81925050335 7.06525412391 ;-2.08808229682 3.71476973043 4.56972438022 2.79013633881 -7.30260422107 2.96596043363;51.7611068961
TWOWAY.2VQE.35;1;-0.112812784379 -0.993239682512 0.0273534049727 0.989053211048 -0.109616866755 0.0987820238675 -0.0951158314759 0.0381978481804 0.994733081282 ;5.54894925967 -0.248754218311 -6.57935088852;10.8596210865 0.312666855085 -6.51628774066 0.47766138363 1.96784203985 -6.79794859124 ;-2.96788447993 -1.93996480887 -4.49538369513 -2.96788447993 -1.93996480887 -4.49538369513;51.7611068961
TWOWAY.1S72.20;0;-0.399604414067 -0.0844790480816 0.912780161207 -0.887977267901 0.282964604017 -0.362562980136 -0.22765737256 -0.955407881746 -0.188179143949 ;7.03973285468 -13.8953872499 10.0967247623;3.12878945805 -11.663718778 6.9126756287 12.151000975 -15.7171719566 10.7968151308 ;-3.39112290421 3.91197905828 4.65033088992 2.45103420676 -8.37720187163 2.38328765718;82.5145357052
TWOWAY.1S72.20;1;-0.399526455383 -0.888002906976 -0.227660819314 -0.0845591697502 0.282981750936 -0.955390535566 0.912813430149 -0.362452984316 -0.188147484439 ;-7.44274282293 14.7099972308 -10.2304523082;-7.69832436795 17.366908599 -15.0210403397 -6.15564321087 14.3648037989 -4.8722918643 ;-2.63112048105 -2.53742496268 -4.12786767564 -2.63112048105 -2.53742496268 -4.12786767564;82.5145357052
TWOWAY.2VQE.15;0;0.682338431674 -0.24433196316 0.689001956775 -0.72807151614 -0.310945092981 0.610844871089 0.0650380558325 -0.918542489032 -0.389998304017 ;15.2991451682 -6.72198836223 8.21637304028;10.5513716073 -7.98924093179 10.5975402529 18.2428535031 -5.11211106267 3.95091442002 ;-3.24942725442 3.7350054818 5.18210600512 4.11792857907 -8.70112969834 0.708500172247;99.7946552448
TWOWAY.2VQE.15;1;0.682384236181 -0.728100126166 0.0649766149438 -0.244437069281 -0.311050522119 -0.918421521879 0.688913835957 0.610833675371 -0.390230633933 ;-17.8073101695 4.49418763477 -4.65092999041;-20.0223903645 4.14939719686 -9.70624791217 -17.4196927539 6.83328900401 0.178460273454 ;-2.50791739394 -1.8697047675 -4.68383674802 -2.50791739394 -1.8697047675 -4.68383674802;99.7946552448
TWOWAY.1OOA.0;0;-0.233025528035 -0.939478765174 0.251160293581 0.913352807162 -0.122680233041 0.388340031507 -0.334024594541 0.319882195551 0.886669144163 ;6.78629584179 2.2329012725 -8.69627679539;12.2404768037 1.7600102627 -6.70375488013 3.18708480477 4.50356280515 -10.6626999113 ;4.78964107878 8.89232987579 -1.81198889354 -3.3249003408 -2.61882706731 -4.43098033646;67.1925402336
TWOWAY.1OOA.0;1;-0.23321048063 0.913240914237 -0.334071705308 -0.939466995989 -0.122908777561 0.319836201587 0.251027160226 0.388438495726 0.886623313402 ;4.98686262424 -2.42895869952 9.6787126776;0.181205993332 -4.02919310664 11.3553333062 10.4254250373 -3.63346666977 8.92203908506 ;-4.31877059196 3.99282347889 4.5306060915 2.29921627493 -8.01866441029 3.39123587665;67.1925402336
TWOWAY.1OOA.1;0;-0.538869144121 -0.753470037759 0.376769342854 0.0414640061494 -0.470360618451 -0.88148182897 0.841334961606 -0.459358177494 0.284794236509 ;1.58870703856 8.60670985191 -17.5487852573;2.38678850648 6.80804057592 -22.5666033246 2.57267607904 12.3384434608 -13.3060185298 ;3.01068828659 7.59904203933 -3.22930045958 -0.211870266747 -2.25585513745 -4.82971611532;99.3681750873
TWOWAY.1OOA.1;1;-0.538934569666 0.0414174810578 0.841328783462 -0.753387118628 -0.470447756818 -0.459441789122 0.376772317328 -0.881455330898 0.284743956086 ;13.477003128 -11.1422968148 7.44123310569;10.730753604 -13.5223648609 3.66647564768 17.7307744698 -8.8684261097 8.6316371736 ;-0.872582187936 3.83387227797 4.77060620481 2.85447953994 -8.13609692065 1.92951772036;99.3681750873
TWOWAY.3WBM.3;0;0.868751106801 -0.495022502096 -0.0129420574265 0.472021874267 0.835700908562 -0.280909668118 0.149800540836 0.237898603648 0.959663770467 ;1.98865293983 2.78546453308 -7.06061658125;3.3167617122 7.97402171239 -8.78176562975 -1.42893797596 -1.0158603895 -5.58086227852 ;3.19759256945 8.80510196272 -2.88436865059 3.19759256945 8.80510196272 -2.88436865059;50.7401537235
TWOWAY.3WBM.3;1;0.868679033796 0.47216868326 0.149844822374 -0.49520568902 0.835616805182 0.23773068893 -0.0129638653829 -0.280715673674 0.959703417076 ;-0.718776540086 -4.16372392815 6.39243595743;-4.49136926945 -0.406407278701 7.02090017196 0.555572111618 -9.10137474949 5.19634286184 ;-2.038175731 4.99546500722 5.83908935106 -2.038175731 4.99546500722 5.83908935106;50.7401537235
TWOWAY.1S72.2;0;-0.327168477236 0.472177300626 -0.818576352136 -0.522609288354 0.631259335597 0.572950052751 0.787327996088 0.615200669023 0.040259823767 ;8.52371775949 0.38844813191 10.2024743984;5.87532330961 2.98507089748 14.5031513284 11.7142263377 -3.51136320047 8.24607681715 ;1.44241290492 7.22902839219 5.98633065721 4.59211700303 -9.16925334556 0.922038867514;76.0784935919
TWOWAY.1S72.2;1;-0.327059544613 -0.522516859785 0.787405985194 0.472215071953 0.631379832247 0.615119852753 -0.818562752694 0.573005792878 0.0402415361276 ;11.4562519982 -0.761063813421 -6.56820539749;14.0807116811 3.35829293105 -4.43589031873 9.25733077771 -3.13534263239 -10.9792159128 ;3.87564996726 9.85426480293 -0.803397868164 1.76984572772 -6.057659466 -4.72884810136;76.0784935919
TWOWAY.1NUV.0;0;-0.681480894507 0.638362168217 0.357878684209 -0.629156784244 -0.760863594667 0.159130924556 0.373837315834 -0.116671914309 0.920130086293 ;6.69166375627 -6.80687294976 8.23444451683;4.0159747535 -11.5595709885 8.41008942589 11.0859038693 -3.72936177356 6.83566256295 ;-2.89092524029 4.07543351198 4.46142002641 3.25490688743 -8.02255565843 1.13769067003;82.6170540245
TWOWAY.1NUV.0;1;-0.681354263829 -0.629239309749 0.373917448415 0.638470720243 -0.760737019437 -0.116766119443 0.357926677624 0.159176249248 0.920082287146 ;6.60458921293 -2.16194163964 -10.7798881788;10.3772653188 -5.51141158116 -12.0345624109 4.34533700499 2.95796581839 -10.132192762 ;5.12500409789 8.14143312758 0.665784721005 -2.91273777427 -1.73652076027 -4.29878715993;82.6170540245
TWOWAY.1Q96.1;0;-0.94813164532 0.232815340918 0.216463854204 -0.212209939132 -0.97050337101 0.114283719711 0.236665952782 0.0624273940443 0.969555979439 ;9.44900020803 4.22423775011 19.2102779741;9.61176900225 -1.15661702864 19.2069668908 11.8935916794 8.90943797152 18.5146150986 ;-2.6417256901 3.45926805347 4.4084472747 3.07487276443 -8.36981346112 1.57859811415;62.6589542804
