   11 base-pairs
...     1 G-C   # 0:1045_:[..G]G - 0:1069_:[..C]C
   43.9912    94.7038    93.3580  # origin
   -0.2675    -0.9153    -0.3010  # x-axis
    0.9061    -0.1327    -0.4017  # y-axis
    0.3278    -0.3802     0.8649  # z-axis
...     2 G-C   # 0:1046_:[..G]G - 0:1068_:[..C]C
   43.4568    92.2353    96.3986  # origin
    0.2392    -0.7308    -0.6393  # x-axis
    0.9298     0.3622    -0.0662  # y-axis
    0.2799    -0.5785     0.7661  # z-axis
...     3 U-A   # 0:1047_:[..U]U - 0:1067_:[..A]A
   43.1186    90.1141    98.9319  # origin
    0.6787    -0.4008    -0.6154  # x-axis
    0.6477     0.7216     0.2444  # y-axis
    0.3461    -0.5645     0.7494  # z-axis
...     4 G-U   # 0:1048_:[..G]G - 0:1066_:[..U]U
   43.6337    87.5192   100.4960  # origin
    0.8019     0.0545    -0.5950  # x-axis
    0.2836     0.8418     0.4592  # y-axis
    0.5259    -0.5370     0.6596  # z-axis
...     5 C-G   # 0:1049_:[..C]C - 0:1065_:[..G]G
   45.3912    85.2241   101.8391  # origin
    0.6912     0.6696    -0.2716  # x-axis
   -0.2814     0.5957     0.7523  # y-axis
    0.6656    -0.4436     0.6002  # z-axis
...     6 G-U   # 0:1050_:[..G]G - 0:1064_:[..U]U
   48.4952    84.1477   102.1090  # origin
    0.2363     0.9583    -0.1609  # x-axis
   -0.5482     0.2681     0.7922  # y-axis
    0.8023    -0.0990     0.5887  # z-axis
...     7 C-G   # 0:1051_:[..C]C - 0:1063_:[..G]G
   51.8037    83.9059   102.8643  # origin
   -0.2689     0.8926     0.3618  # x-axis
   -0.5318    -0.4508     0.7169  # y-axis
    0.8030     0.0004     0.5959  # z-axis
...     8 G-U   # 0:1052_:[..G]G - 0:1062_:[..U]U
   55.9703    86.5069   102.8707  # origin
   -0.4670     0.8516     0.2382  # x-axis
   -0.5910    -0.5009     0.6323  # y-axis
    0.6578     0.1545     0.7372  # z-axis
...     9 G-C   # 0:1053_:[..G]G - 0:1061_:[..C]C
   58.8072    88.2701   104.5373  # origin
   -0.8337     0.1869     0.5196  # x-axis
   -0.0468    -0.9615     0.2707  # y-axis
    0.5502     0.2014     0.8104  # z-axis
...    10 G-C   # 0:1054_:[..G]G - 0:1060_:[..C]C
   59.5473    90.8602   107.4283  # origin
   -0.7849    -0.3633     0.5019  # x-axis
    0.4446    -0.8944     0.0479  # y-axis
    0.4316     0.2608     0.8636  # z-axis
...    11 G-C   # 0:1076_:[..G]G - 0:1083_:[..C]C
   32.4974   100.2557   107.5389  # origin
    0.2247     0.5194    -0.8245  # x-axis
   -0.8629     0.4992     0.0793  # y-axis
    0.4527     0.6936     0.5603  # z-axis
