    3 base-pairs
...     1 G-C   # 0:.958_:[..G]G - 0:1008_:[..C]C
   61.5870    64.2587   115.2150  # origin
   -0.2682     0.9571     0.1100  # x-axis
   -0.6106    -0.2572     0.7490  # y-axis
    0.7451     0.1337     0.6534  # z-axis
...     2 C-A   # 0:.959_:[..C]C - 0:1005_:[..A]A
   66.3013    63.8227   115.3973  # origin
   -0.7117     0.0645     0.6995  # x-axis
    0.0086    -0.9949     0.1005  # y-axis
    0.7024     0.0775     0.7075  # z-axis
...     3 G-C   # 0:.964_:[..G]G - 0:1004_:[..C]C
   67.9616    63.9606   117.9551  # origin
   -0.2353    -0.8946     0.3800  # x-axis
    0.6509    -0.4354    -0.6219  # y-axis
    0.7218     0.1010     0.6847  # z-axis
