   12 base-pairs
...     1 U-G   # A:1247_:[..U]U - A:1290_:[..G]G
  252.0544   144.7228    -2.7107  # origin
    0.1866    -0.7771     0.6010  # x-axis
    0.6999     0.5344     0.4738  # y-axis
   -0.6894     0.3323     0.6437  # z-axis
...     2 A-A   # A:1248_:[..A]A - A:1289_:[..A]A
  244.8248   145.1594    -3.9367  # origin
    0.7362    -0.1578     0.6581  # x-axis
    0.1544     0.9860     0.0637  # y-axis
   -0.6589     0.0547     0.7502  # z-axis
...     3 C-A   # A:1249_:[..C]C - A:1288_:[..A]A
  242.7786   144.2354    -1.9989  # origin
    0.6918     0.3335     0.6404  # x-axis
   -0.2510     0.9427    -0.2198  # y-axis
   -0.6770    -0.0087     0.7359  # z-axis
...     4 A+A   # A:1252_:[..A]A - A:1285_:[..A]A
  238.6527   143.9421    11.3721  # origin
    0.7487    -0.4963     0.4395  # x-axis
    0.6293     0.7406    -0.2356  # y-axis
   -0.2085     0.4530     0.8668  # z-axis
...     5 G-C   # A:1253_:[..G]G - A:1284_:[..C]C
  238.3455   144.0933    14.8150  # origin
    0.2124     0.9463    -0.2439  # x-axis
   -0.9409     0.1306    -0.3125  # y-axis
   -0.2639     0.2958     0.9181  # z-axis
...     6 A-U   # A:1350_:[..A]A - A:1372_:[..U]U
  234.5556   139.7614    -8.8158  # origin
   -0.7645     0.2513     0.5937  # x-axis
   -0.4905    -0.8243    -0.2827  # y-axis
    0.4183    -0.5073     0.7534  # z-axis
...     7 U-G   # A:1351_:[..U]U - A:1371_:[..G]G
  235.6660   139.4843    -6.3187  # origin
   -0.8916    -0.3818     0.2437  # x-axis
    0.2446    -0.8586    -0.4505  # y-axis
    0.3812    -0.3420     0.8589  # z-axis
...     8 C-G   # A:1352_:[..C]C - A:1370_:[..G]G
  235.4973   139.5665    -2.2210  # origin
   -0.7729    -0.6300    -0.0754  # x-axis
    0.6199    -0.7246    -0.3012  # y-axis
    0.1351    -0.2795     0.9506  # z-axis
...     9 G-C   # A:1353_:[..G]G - A:1369_:[..C]C
  235.3691   138.4676     1.1863  # origin
   -0.5186    -0.7413    -0.4261  # x-axis
    0.8491    -0.3882    -0.3582  # y-axis
    0.1001    -0.5476     0.8308  # z-axis
...    10 C-G   # A:1354_:[..C]C - A:1368_:[..G]G
  233.7457   137.2942     4.5641  # origin
    0.1243    -0.8305    -0.5430  # x-axis
    0.9861     0.1644    -0.0258  # y-axis
    0.1107    -0.5323     0.8393  # z-axis
...    11 G-C   # A:1355_:[..G]G - A:1367_:[..C]C
  231.7866   135.0558     7.8631  # origin
    0.5202    -0.6133    -0.5944  # x-axis
    0.8198     0.5537     0.1462  # y-axis
    0.2394    -0.5634     0.7908  # z-axis
...    12 G-C   # A:1356_:[..G]G - A:1366_:[..C]C
  231.8500   131.8513     9.8283  # origin
    0.8646    -0.1062    -0.4911  # x-axis
    0.4197     0.6901     0.5896  # y-axis
    0.2763    -0.7158     0.6413  # z-axis
