    4 base-pairs
...     1 C-G   # 0:2831_:[..C]C - 0:2909_:[..G]G
   27.4901   175.5691   113.4400  # origin
    0.0417     0.1131     0.9927  # x-axis
    0.3103    -0.9459     0.0948  # y-axis
    0.9497     0.3041    -0.0745  # z-axis
...     2 C-G   # 0:2832_:[..C]C - 0:2848_:[..G]G
   31.2088   175.2550   117.4078  # origin
   -0.0241    -0.8984     0.4386  # x-axis
   -0.0911    -0.4349    -0.8958  # y-axis
    0.9955    -0.0615    -0.0714  # z-axis
...     3 G-A   # 0:2851_:[..G]G - 0:2906_:[..A]A
   36.7214   185.0334   123.4723  # origin
   -0.1125     0.8247     0.5543  # x-axis
   -0.1048    -0.5645     0.8187  # y-axis
    0.9881     0.0340     0.1499  # z-axis
...     4 U-A   # 0:2853_:[..U]U - 0:2905_:[..A]A
   40.2639   184.3622   120.6594  # origin
   -0.1914     0.7310     0.6549  # x-axis
    0.0374    -0.6614     0.7491  # y-axis
    0.9808     0.1679     0.0993  # z-axis
