    6 base-pairs
...     1 C-G   # 0:2552_:[..C]C - 0:2602_:[..G]G
   62.9490   121.8386   132.0191  # origin
   -0.3983     0.9123    -0.0952  # x-axis
   -0.9124    -0.4047    -0.0609  # y-axis
   -0.0941     0.0626     0.9936  # z-axis
...     2 C-G   # 0:2555_:[..C]C - 0:2580_:[..G]G
   65.0685   126.1644   136.2585  # origin
   -0.8023    -0.4718    -0.3657  # x-axis
    0.4457    -0.8810     0.1588  # y-axis
   -0.3971    -0.0356     0.9171  # z-axis
...     3 U-A   # 0:2595_:[..U]U - 0:2583_:[..A]A
   81.8901   132.1244   131.5281  # origin
   -0.5482    -0.8328    -0.0768  # x-axis
    0.8160    -0.5527     0.1693  # y-axis
   -0.1834     0.0301     0.9826  # z-axis
...     4 A-G   # 0:2596_:[..A]A - 0:2582_:[..G]G
   79.4834   132.8621   134.1547  # origin
   -0.0133    -0.9992    -0.0369  # x-axis
    0.9615    -0.0229     0.2739  # y-axis
   -0.2746    -0.0318     0.9610  # z-axis
...     5 U-A   # 0:2597_:[..U]U - 0:2601_:[..A]A
   75.4179   133.3745   136.5497  # origin
    0.8699    -0.4336     0.2352  # x-axis
    0.3838     0.8945     0.2295  # y-axis
   -0.3099    -0.1094     0.9444  # z-axis
...     6 U-A   # 0:2598_:[..U]U - 0:2600_:[..A]A
   73.0198   130.0324   138.9389  # origin
    0.8709     0.3232     0.3703  # x-axis
   -0.2910     0.9462    -0.1415  # y-axis
   -0.3961     0.0155     0.9181  # z-axis
