    6 base-pairs
...     1 C-G   # 0:2780_:[..C]C - 0:2794_:[..G]G
   40.8181   111.3583   160.2613  # origin
    0.5596    -0.5315    -0.6359  # x-axis
    0.8004     0.1477     0.5810  # y-axis
   -0.2149    -0.8341     0.5080  # z-axis
...     2 U+A   # 0:2791_:[..U]U - 0:2793_:[..A]A
   36.2624   108.2249   160.0751  # origin
    0.7275     0.1571     0.6679  # x-axis
    0.6788    -0.3063    -0.6674  # y-axis
    0.0997     0.9389    -0.3295  # z-axis
...     3 G-A   # 0:2782_:[..G]G - 0:2792_:[..A]A
   39.8158   104.2604   160.2638  # origin
    0.7365     0.2206     0.6395  # x-axis
   -0.6765     0.2344     0.6982  # y-axis
    0.0041    -0.9468     0.3219  # z-axis
...     4 A-U   # 0:2783_:[..A]A - 0:2789_:[..U]U
   40.4696   100.8396   159.5617  # origin
    0.3828     0.2388     0.8925  # x-axis
   -0.9149    -0.0361     0.4020  # y-axis
    0.1282    -0.9704     0.2046  # z-axis
...     5 A-A   # 0:2784_:[..A]A - 0:2788_:[..A]A
   42.5660    97.7934   159.4837  # origin
   -0.2835     0.0551     0.9574  # x-axis
   -0.9573    -0.0753    -0.2792  # y-axis
    0.0567    -0.9956     0.0741  # z-axis
...     6 C+C   # 0:2785_:[..C]C - 0:2787_:[..C]C
   45.0010    94.4737   160.8937  # origin
   -0.5580     0.0892    -0.8251  # x-axis
   -0.8293    -0.0229     0.5584  # y-axis
    0.0309     0.9957     0.0868  # z-axis
