    3 base-pairs
...     1 C-G   # 0:1301_:[..C]C - 0:1354_:[..G]G
   27.8129   112.4333    66.7277  # origin
    0.3652    -0.6994    -0.6143  # x-axis
   -0.8881    -0.4595    -0.0048  # y-axis
   -0.2789     0.5474    -0.7890  # z-axis
...     2 G-C   # 0:1302_:[..G]G - 0:1353_:[..C]C
   29.8197   112.1352    61.9120  # origin
    0.2074    -0.8335    -0.5121  # x-axis
   -0.8339    -0.4243     0.3529  # y-axis
   -0.5114     0.3538    -0.7831  # z-axis
...     3 C-G   # 0:1303_:[..C]C - 0:1351_:[..G]G
   29.6598   114.4428    58.6804  # origin
   -0.5623    -0.8266     0.0220  # x-axis
   -0.6841     0.4800     0.5493  # y-axis
   -0.4646     0.2938    -0.8354  # z-axis
