   22 base-pairs
...     1 G-U   # A:.141_:[..G]G - A:.162_:[..U]U
   -6.1103   -71.6921    77.5904  # origin
    0.9521    -0.2060     0.2258  # x-axis
    0.0341     0.8058     0.5913  # y-axis
   -0.3038    -0.5552     0.7742  # z-axis
...     2 U-A   # A:.142_:[..U]U - A:.161_:[..A]A
   -6.7287   -74.5471    79.5382  # origin
    0.7496     0.4115     0.5184  # x-axis
   -0.6113     0.7307     0.3039  # y-axis
   -0.2537    -0.5447     0.7993  # z-axis
...     3 C-G   # A:.143_:[..C]C - A:.160_:[..G]G
   -6.7720   -76.9816    81.8592  # origin
    0.2337     0.7839     0.5752  # x-axis
   -0.9398     0.3338    -0.0730  # y-axis
   -0.2492    -0.5236     0.8147  # z-axis
...     4 U-A   # A:.144_:[..U]U - A:.159_:[..A]A
   -6.2475   -78.6332    84.8497  # origin
   -0.1967     0.9147     0.3531  # x-axis
   -0.9634    -0.1133    -0.2431  # y-axis
   -0.1823    -0.3880     0.9034  # z-axis
...     5 C-G   # A:.145_:[..C]C - A:.158_:[..G]G
   -6.2184   -78.7339    88.5448  # origin
   -0.6599     0.7508     0.0299  # x-axis
   -0.7138    -0.6139    -0.3372  # y-axis
   -0.2348    -0.2439     0.9410  # z-axis
...     6 A-U   # A:.146_:[..A]A - A:.157_:[..U]U
   -6.9300   -77.9504    91.6920  # origin
   -0.8739     0.3361    -0.3512  # x-axis
   -0.2715    -0.9367    -0.2210  # y-axis
   -0.4032    -0.0978     0.9099  # z-axis
...     7 G-U   # A:.147_:[..G]G - A:.156_:[..U]U
   -8.1857   -76.6209    94.3228  # origin
   -0.7773    -0.0694    -0.6253  # x-axis
    0.1523    -0.9851    -0.0799  # y-axis
   -0.6104    -0.1573     0.7763  # z-axis
...     8 G-U   # A:.148_:[..G]G - A:.155_:[..U]U
  -11.2747   -75.5428    96.1020  # origin
   -0.4304    -0.5770    -0.6941  # x-axis
    0.5600    -0.7738     0.2960  # y-axis
   -0.7079    -0.2613     0.6562  # z-axis
...     9 G-C   # A:.149_:[..G]G - A:.154_:[..C]C
  -14.8405   -75.3499    97.2852  # origin
   -0.0023    -0.9171    -0.3986  # x-axis
    0.6864    -0.2913     0.6663  # y-axis
   -0.7272    -0.2721     0.6302  # z-axis
...    10 G-A   # A:.150_:[..G]G - A:.153_:[..A]A
  -18.1593   -74.6185    98.7139  # origin
    0.7120    -0.6786     0.1803  # x-axis
    0.3598     0.5731     0.7363  # y-axis
   -0.6030    -0.4593     0.6522  # z-axis
...    11 U-A   # A:.221_:[..U]U - A:.252_:[..A]A
  -25.2468   -61.7449    91.5924  # origin
    0.0062     0.4270     0.9042  # x-axis
    0.9036    -0.3897     0.1779  # y-axis
    0.4284     0.8160    -0.3882  # z-axis
...    12 C-G   # A:.222_:[..C]C - A:.251_:[..G]G
  -26.0294   -64.3417    93.7409  # origin
   -0.5036     0.6731     0.5415  # x-axis
   -0.7190     0.0209    -0.6947  # y-axis
   -0.4789    -0.7392     0.4735  # z-axis
...    13 C-G   # A:.223_:[..C]C - A:.250_:[..G]G
  -26.4763   -66.8994    96.8518  # origin
   -0.6875     0.7259    -0.0174  # x-axis
   -0.3015    -0.3072    -0.9026  # y-axis
   -0.6606    -0.6153     0.4301  # z-axis
...    14 U-A   # A:.224_:[..U]U - A:.152_:[..A]A
  -25.6918   -69.2589   100.3650  # origin
   -0.1067     0.8705     0.4804  # x-axis
   -0.8028     0.2096    -0.5582  # y-axis
   -0.5866    -0.4452     0.6765  # z-axis
...    15 A+A   # A:.248_:[..A]A - A:.151_:[..A]A
  -25.5050   -71.0816   102.8222  # origin
   -0.5913     0.6714    -0.4467  # x-axis
    0.3460     0.7115     0.6116  # y-axis
    0.7285     0.2071    -0.6530  # z-axis
...    16 U-A   # A:.249_:[..U]U - A:.226_:[..A]A
  -28.0471   -69.2815   106.6217  # origin
   -0.8712     0.0511    -0.4883  # x-axis
   -0.0276     0.9879     0.1526  # y-axis
    0.4901     0.1464    -0.8593  # z-axis
...    17 G-U   # A:.227_:[..G]G - A:.247_:[..U]U
  -32.4688   -71.5033   104.8736  # origin
   -0.1063    -0.6958    -0.7103  # x-axis
    0.6042    -0.6126     0.5096  # y-axis
   -0.7897    -0.3750     0.4855  # z-axis
...    18 U-A   # A:.228_:[..U]U - A:.246_:[..A]A
  -35.2231   -72.4906   105.1482  # origin
    0.3078    -0.9027    -0.3007  # x-axis
    0.4418    -0.1444     0.8854  # y-axis
   -0.8427    -0.4053     0.3544  # z-axis
...    19 C-G   # A:.229_:[..C]C - A:.245_:[..G]G
  -38.8143   -74.4019   105.4062  # origin
    0.6793    -0.7065     0.1988  # x-axis
    0.0879     0.3472     0.9337  # y-axis
   -0.7286    -0.6167     0.2979  # z-axis
...    20 A-U   # A:.230_:[..A]A - A:.244_:[..U]U
  -40.8964   -77.2496   105.4416  # origin
    0.7807    -0.2374     0.5781  # x-axis
   -0.3022     0.6664     0.6816  # y-axis
   -0.5471    -0.7068     0.4485  # z-axis
...    21 A-U   # A:.231_:[..A]A - A:.243_:[..U]U
  -41.2951   -80.4691   105.8795  # origin
    0.5565     0.2282     0.7989  # x-axis
   -0.6685     0.6940     0.2673  # y-axis
   -0.4935    -0.6828     0.5388  # z-axis
...    22 C-G   # A:.232_:[..C]C - A:.242_:[..G]G
  -41.2829   -83.0154   108.5984  # origin
    0.0867     0.6419     0.7619  # x-axis
   -0.8922     0.3903    -0.2274  # y-axis
   -0.4433    -0.6600     0.6065  # z-axis
