   11 base-pairs
...     1 A-U   # 0:.562_:[..A]A - 0:.595_:[..U]U
   -9.5375   104.4066    94.4319  # origin
    0.2916     0.4913     0.8208  # x-axis
   -0.8624    -0.2361     0.4477  # y-axis
    0.4137    -0.8384     0.3548  # z-axis
...     2 C-C   # 0:.563_:[..C]C - 0:.594_:[..C]C
   -6.9387   102.0896    94.9866  # origin
   -0.4406     0.2667     0.8572  # x-axis
   -0.7514    -0.6321    -0.1896  # y-axis
    0.4912    -0.7276     0.4789  # z-axis
...     3 A-G   # 0:.566_:[..A]A - 0:.592_:[..G]G
   -2.2832    96.7759   101.4458  # origin
   -0.9917     0.1038     0.0760  # x-axis
   -0.1247    -0.9208    -0.3696  # y-axis
    0.0316    -0.3760     0.9261  # z-axis
...     4 U-A   # 0:.567_:[..U]U - 0:.591_:[..A]A
   -3.4597    95.3882   104.5025  # origin
   -0.5899    -0.6562    -0.4706  # x-axis
    0.7912    -0.5863    -0.1742  # y-axis
   -0.1616    -0.4751     0.8650  # z-axis
...     5 G-C   # 0:1089_:[..G]G - 0:1267_:[..C]C
   11.5427    98.0869    86.6291  # origin
   -0.1988    -0.9106     0.3622  # x-axis
    0.9552    -0.0973     0.2796  # y-axis
   -0.2193     0.4016     0.8892  # z-axis
...     6 A-U   # 0:1090_:[..A]A - 0:1266_:[..U]U
    9.1560    99.5899    89.0461  # origin
    0.3700    -0.8391     0.3988  # x-axis
    0.9201     0.3904    -0.0324  # y-axis
   -0.1285     0.3789     0.9165  # z-axis
...     7 U-G   # 0:1091_:[..U]U - 0:1265_:[..G]G
    8.1807    99.5219    92.0636  # origin
    0.8538    -0.4586     0.2463  # x-axis
    0.5070     0.8397    -0.1943  # y-axis
   -0.1178     0.2908     0.9495  # z-axis
...     8 A-U   # 0:1092_:[..A]A - 0:1264_:[..U]U
    8.9646    97.9297    95.7506  # origin
    0.9707    -0.1479    -0.1893  # x-axis
    0.1286     0.9855    -0.1109  # y-axis
    0.2029     0.0833     0.9756  # z-axis
...     9 G-C   # 0:1093_:[..G]G - 0:1263_:[..C]C
    9.1102    96.7066    99.3014  # origin
    0.8446     0.3517    -0.4037  # x-axis
   -0.3590     0.9314     0.0603  # y-axis
    0.3972     0.0940     0.9129  # z-axis
...    10 G-C   # 0:1094_:[..G]G - 0:1262_:[..C]C
   11.8713    95.8969   101.6410  # origin
    0.5549     0.7292    -0.4005  # x-axis
   -0.7014     0.6689     0.2461  # y-axis
    0.4473     0.1444     0.8826  # z-axis
...    11 U-A   # 0:1095_:[..U]U - 0:1261_:[..A]A
   14.6307    96.3632   103.7806  # origin
   -0.0747     0.9908    -0.1129  # x-axis
   -0.8639    -0.0077     0.5035  # y-axis
    0.4980     0.1352     0.8566  # z-axis
