   12 base-pairs
...     1 U-A   # 0:.312_:[..U]U - 0:.319_:[..A]A
    2.4872   140.7741    44.6359  # origin
    0.2077     0.5275    -0.8238  # x-axis
   -0.8543     0.5081     0.1100  # y-axis
    0.4766     0.6809     0.5561  # z-axis
...     2 U-A   # 0:.313_:[..U]U - 0:.317_:[..A]A
    6.5425   141.1401    46.9844  # origin
   -0.8088     0.5707    -0.1417  # x-axis
   -0.3559    -0.2833     0.8905  # y-axis
    0.4681     0.7707     0.4323  # z-axis
...     3 G+A   # 0:.314_:[..G]G - 0:.337_:[..A]A
    7.4049   145.4067    45.8345  # origin
   -0.8727     0.3792     0.3076  # x-axis
    0.0724    -0.5226     0.8495  # y-axis
    0.4829     0.7636     0.4286  # z-axis
...     4 G+G   # 0:.315_:[..G]G - 0:.336_:[..G]G
   13.5087   149.6432    48.5407  # origin
   -0.6859     0.6318     0.3610  # x-axis
    0.0914     0.5670    -0.8186  # y-axis
   -0.7219    -0.5285    -0.4467  # z-axis
...     5 A+U   # 0:.316_:[..A]A - 0:1314_:[..U]U
   13.5273   143.0247    51.1274  # origin
   -0.0052    -0.9336     0.3582  # x-axis
   -0.9299     0.1363     0.3415  # y-axis
   -0.3677    -0.3313    -0.8689  # z-axis
...     6 A-G   # 0:1341_:[..A]A - 0:1316_:[..G]G
   11.4432   138.7884    55.0138  # origin
   -0.6270     0.7308     0.2697  # x-axis
    0.7080     0.6790    -0.1939  # y-axis
   -0.3248     0.0693    -0.9432  # z-axis
...     7 G-A   # 0:1340_:[..G]G - 0:1317_:[..A]A
   14.7447   137.9792    58.7772  # origin
   -0.4208     0.7797     0.4637  # x-axis
    0.8398     0.5281    -0.1260  # y-axis
   -0.3431     0.3363    -0.8770  # z-axis
...     8 G-A   # 0:1339_:[..G]G - 0:1318_:[..A]A
   15.8072   136.9037    61.2821  # origin
   -0.8501     0.4360     0.2954  # x-axis
    0.5023     0.8398     0.2060  # y-axis
   -0.1582     0.3235    -0.9329  # z-axis
...     9 U-G   # 0:1338_:[..U]U - 0:1319_:[..G]G
   15.8858   136.4186    64.7755  # origin
   -0.9314    -0.3294    -0.1552  # x-axis
   -0.3641     0.8491     0.3827  # y-axis
    0.0057     0.4129    -0.9108  # z-axis
...    10 G-C   # 0:.334_:[..G]G - 0:.342_:[..C]C
   17.2776   139.9851    36.0013  # origin
   -0.2658    -0.9630     0.0446  # x-axis
    0.7910    -0.1914     0.5811  # y-axis
   -0.5511     0.1897     0.8126  # z-axis
...    11 U-A   # 0:.335_:[..U]U - 0:.339_:[..A]A
   13.8015   140.5676    37.4333  # origin
    0.8024    -0.1292     0.5826  # x-axis
    0.1826     0.9826    -0.0335  # y-axis
   -0.5682     0.1333     0.8120  # z-axis
...    12 G-C   # 0:1312_:[..G]G - 0:1342_:[..C]C
   13.6904   128.7275    51.1413  # origin
    0.0741    -0.2512    -0.9651  # x-axis
   -0.7808    -0.6167     0.1005  # y-axis
   -0.6204     0.7461    -0.2419  # z-axis
