    6 base-pairs
...     1 U-G   # 0:1531_:[..U]U - 0:1660_:[..G]G
  108.7124   167.1300    48.4667  # origin
    0.6391    -0.7171    -0.2781  # x-axis
    0.6829     0.3627     0.6341  # y-axis
   -0.3538    -0.5952     0.7215  # z-axis
...     2 G-A   # 0:1532_:[..G]G - 0:1659_:[..A]A
  106.0599   164.6911    50.0888  # origin
    0.9315    -0.1501     0.3312  # x-axis
   -0.1370     0.6990     0.7019  # y-axis
   -0.3369    -0.6992     0.6306  # z-axis
...     3 A+A   # 0:1533_:[..A]A - 0:1658_:[..A]A
  106.1844   162.0184    52.0794  # origin
   -0.5034     0.7189     0.4793  # x-axis
    0.7743     0.1292     0.6196  # y-axis
    0.3835     0.6830    -0.6216  # z-axis
...     4 C-A   # 0:1534_:[..C]C - 0:1657_:[..A]A
  103.2510   161.3370    55.4889  # origin
    0.9429    -0.2532     0.2164  # x-axis
   -0.0123     0.6228     0.7823  # y-axis
   -0.3329    -0.7403     0.5841  # z-axis
...     5 G-C   # 0:1535_:[..G]G - 0:1650_:[..C]C
  116.0189   158.0364    70.6363  # origin
    0.6403     0.5972    -0.4832  # x-axis
   -0.6740     0.1350    -0.7263  # y-axis
   -0.3685     0.7907     0.4889  # z-axis
...     6 G-C   # 0:1655_:[..G]G - 0:1651_:[..C]C
  115.5094   155.6768    68.4671  # origin
    0.7122     0.6238    -0.3220  # x-axis
   -0.6302     0.3661    -0.6847  # y-axis
   -0.3092     0.6906     0.6538  # z-axis
