   15 base-pairs
...     1 C-G   # 0:.910_:[..C]C - 0:1295_:[..G]G
   33.6397    95.7437    78.1025  # origin
   -0.4728     0.8008     0.3678  # x-axis
   -0.8310    -0.5440     0.1161  # y-axis
    0.2930    -0.2507     0.9226  # z-axis
...     2 G-A   # 0:.911_:[..G]G - 0:1294_:[..A]A
   35.5059    95.6894    81.0168  # origin
   -0.9712     0.0023     0.2384  # x-axis
   -0.0490    -0.9806    -0.1899  # y-axis
    0.2333    -0.1961     0.9524  # z-axis
...     3 A-U   # 0:.912_:[..A]A - 0:1293_:[..U]U
   42.0274    95.7121    83.1886  # origin
   -0.9221     0.1654     0.3497  # x-axis
   -0.2238    -0.9654    -0.1335  # y-axis
    0.3155    -0.2014     0.9273  # z-axis
...     4 A+G   # 0:.913_:[..A]A - 0:1071_:[..G]G
   42.6208    95.3175    86.7962  # origin
    0.1328     0.9720     0.1937  # x-axis
   -0.9339     0.0573     0.3529  # y-axis
    0.3320    -0.2278     0.9154  # z-axis
...     5 A-A   # 0:.914_:[..A]A - 0:1070_:[..A]A
   43.4751    95.8602    89.8752  # origin
   -0.9188    -0.2359     0.3165  # x-axis
    0.1428    -0.9461    -0.2906  # y-axis
    0.3681    -0.2218     0.9030  # z-axis
...     6 G-C   # 0:1045_:[..G]G - 0:1069_:[..C]C
   43.9912    94.7038    93.3580  # origin
   -0.2675    -0.9153    -0.3010  # x-axis
    0.9061    -0.1327    -0.4017  # y-axis
    0.3278    -0.3802     0.8649  # z-axis
...     7 G-C   # 0:.928_:[..G]G - 0:.915_:[..C]C
   50.5195    86.7417    80.1647  # origin
   -0.1332     0.9021    -0.4105  # x-axis
    0.0023    -0.4139    -0.9103  # y-axis
   -0.9911    -0.1222     0.0530  # z-axis
...     8 A-U   # 0:.929_:[..A]A - 0:1041_:[..U]U
   46.4297    89.4444    78.9280  # origin
    0.3018    -0.1902    -0.9342  # x-axis
    0.2021    -0.9449     0.2576  # y-axis
   -0.9317    -0.2665    -0.2467  # z-axis
...     9 C-A   # 0:.930_:[..C]C - 0:1040_:[..A]A
   43.4387    89.7434    76.5636  # origin
    0.4084    -0.8412    -0.3544  # x-axis
   -0.1948    -0.4596     0.8665  # y-axis
   -0.8918    -0.2848    -0.3516  # z-axis
...    10 C-G   # 0:.931_:[..C]C - 0:1039_:[..G]G
   40.8416    89.0164    72.5618  # origin
    0.5261    -0.8377    -0.1468  # x-axis
   -0.1314    -0.2506     0.9591  # y-axis
   -0.8402    -0.4853    -0.2419  # z-axis
...    11 G-A   # 0:1072_:[..G]G - 0:1088_:[..A]A
   29.0228    96.7482    91.7875  # origin
    0.7393    -0.6680     0.0850  # x-axis
    0.6713     0.7410    -0.0155  # y-axis
   -0.0527     0.0685     0.9963  # z-axis
...    12 A-A   # 0:1073_:[..A]A - 0:1086_:[..A]A
   27.6793    96.3955    98.9291  # origin
    0.5727    -0.6766     0.4628  # x-axis
    0.8194     0.4568    -0.3462  # y-axis
    0.0228     0.5775     0.8161  # z-axis
...    13 G-C   # 0:1074_:[..G]G - 0:1085_:[..C]C
   27.3257    98.3267   102.2957  # origin
    0.9728    -0.0081    -0.2315  # x-axis
   -0.1479     0.7473    -0.6478  # y-axis
    0.1783     0.6644     0.7258  # z-axis
...    14 G-C   # 0:1089_:[..G]G - 0:1267_:[..C]C
   11.5427    98.0869    86.6291  # origin
   -0.1988    -0.9106     0.3622  # x-axis
    0.9552    -0.0973     0.2796  # y-axis
   -0.2193     0.4016     0.8892  # z-axis
...    15 G-C   # 0:1290_:[..G]G - 0:1268_:[..C]C
   14.3673    95.8559    84.2467  # origin
   -0.6856    -0.6584     0.3106  # x-axis
    0.7243    -0.5741     0.3819  # y-axis
   -0.0731     0.4868     0.8705  # z-axis
