    3 base-pairs
...     1 U-G   # 0:2389_:[..U]U - 0:2399_:[..G]G
   63.8664    68.9874    75.2953  # origin
   -0.6570     0.0076    -0.7539  # x-axis
   -0.7285    -0.2636     0.6323  # y-axis
   -0.1939     0.9646     0.1787  # z-axis
...     2 U-A   # 0:2390_:[..U]U - 0:2398_:[..A]A
   64.2889    72.6503    75.1019  # origin
   -0.9778    -0.2043     0.0457  # x-axis
    0.0452     0.0071     0.9990  # y-axis
   -0.2044     0.9789     0.0023  # z-axis
...     3 C+G   # 0:2391_:[..C]C - 0:2397_:[..G]G
   62.3114    75.3695    74.7216  # origin
    0.5313     0.2306     0.8152  # x-axis
   -0.8031    -0.1693     0.5713  # y-axis
    0.2697    -0.9582     0.0952  # z-axis
