    8 base-pairs
...     1 C-G   # A:1119_:[..C]C - A:1154_:[..G]G
  219.0830   163.9610     3.5465  # origin
    0.3737    -0.8851     0.2774  # x-axis
    0.7353     0.1003    -0.6703  # y-axis
    0.5654     0.4545     0.6883  # z-axis
...     2 G-C   # A:1120_:[..G]G - A:1153_:[..C]C
  220.0614   165.2324     6.9988  # origin
    0.5864    -0.7833    -0.2065  # x-axis
    0.4658     0.5346    -0.7052  # y-axis
    0.6627     0.3174     0.6783  # z-axis
...     3 U-A   # A:1121_:[..U]U - A:1152_:[..A]A
  221.6427   165.1855     9.8655  # origin
    0.6717    -0.3885    -0.6308  # x-axis
    0.0851     0.8863    -0.4553  # y-axis
    0.7359     0.2521     0.6284  # z-axis
...     4 U-A   # A:1122_:[..U]U - A:1151_:[..A]A
  224.8381   164.6479    11.7399  # origin
    0.4161     0.0719    -0.9065  # x-axis
   -0.2164     0.9761    -0.0219  # y-axis
    0.8832     0.2053     0.4217  # z-axis
...     5 A-U   # A:1123_:[..A]A - A:1150_:[..U]U
  227.7090   164.6371    11.8894  # origin
   -0.0623     0.4395    -0.8961  # x-axis
   -0.3465     0.8325     0.4323  # y-axis
    0.9360     0.3375     0.1004  # z-axis
...     6 G-C   # A:1124_:[..G]G - A:1149_:[..C]C
  231.3936   165.7817    11.4733  # origin
   -0.4597     0.6574    -0.5971  # x-axis
   -0.0753     0.6411     0.7638  # y-axis
    0.8849     0.3961    -0.2452  # z-axis
...     7 G-C   # A:1255_:[..G]G - A:1282_:[..C]C
  238.9858   147.7738    21.5320  # origin
   -0.6745     0.4535    -0.5826  # x-axis
   -0.6298    -0.7652     0.1336  # y-axis
   -0.3852     0.4571     0.8017  # z-axis
...     8 G-C   # A:1258_:[..G]G - A:1277_:[..C]C
  243.0899   143.7824    28.7837  # origin
    0.4967    -0.0609     0.8658  # x-axis
   -0.0622    -0.9975    -0.0345  # y-axis
    0.8657    -0.0367    -0.4992  # z-axis
