   13 base-pairs
...     1 G-C   # 0:1535_:[..G]G - 0:1650_:[..C]C
  116.0189   158.0364    70.6363  # origin
    0.6403     0.5972    -0.4832  # x-axis
   -0.6740     0.1350    -0.7263  # y-axis
   -0.3685     0.7907     0.4889  # z-axis
...     2 C-G   # 0:1536_:[..C]C - 0:1649_:[..G]G
  116.0703   160.6467    73.2335  # origin
    0.1205     0.5469    -0.8285  # x-axis
   -0.9360    -0.2156    -0.2784  # y-axis
   -0.3308     0.8090     0.4859  # z-axis
...     3 C-G   # 0:1537_:[..C]C - 0:1648_:[..G]G
  116.5261   164.2402    74.9153  # origin
   -0.3076     0.1747    -0.9353  # x-axis
   -0.8732    -0.4425     0.2045  # y-axis
   -0.3781     0.8796     0.2887  # z-axis
...     4 C-G   # 0:1538_:[..C]C - 0:1647_:[..G]G
  116.6551   168.3687    75.4700  # origin
   -0.6461    -0.1812    -0.7415  # x-axis
   -0.5935    -0.4917     0.6373  # y-axis
   -0.4800     0.8517     0.2101  # z-axis
...     5 U-G   # 0:1539_:[..U]U - 0:1646_:[..G]G
  115.2129   171.6241    74.3379  # origin
   -0.8720    -0.4438    -0.2068  # x-axis
   -0.0969    -0.2576     0.9614  # y-axis
   -0.4799     0.8583     0.1816  # z-axis
...     6 G-U   # 0:1540_:[..G]G - 0:1645_:[..U]U
  114.2861   175.8570    72.5436  # origin
   -0.8876    -0.4603    -0.0159  # x-axis
    0.1118    -0.2488     0.9621  # y-axis
   -0.4468     0.8522     0.2723  # z-axis
...     7 G-C   # 0:1541_:[..G]G - 0:1644_:[..C]C
  111.7175   178.7369    72.1091  # origin
   -0.6014    -0.5742     0.5556  # x-axis
    0.6147     0.1116     0.7808  # y-axis
   -0.5103     0.8111     0.2858  # z-axis
...     8 G-C   # 0:1542_:[..G]G - 0:1643_:[..C]C
  107.9830   180.7848    72.0487  # origin
   -0.0895    -0.5536     0.8279  # x-axis
    0.8158     0.4361     0.3798  # y-axis
   -0.5714     0.7094     0.4126  # z-axis
...     9 C-G   # 0:1578_:[..C]C - 0:1618_:[..G]G
  109.6891   189.3447    62.3854  # origin
   -0.3166    -0.3616    -0.8770  # x-axis
    0.7058     0.5279    -0.4724  # y-axis
    0.6338    -0.7685     0.0881  # z-axis
...    10 C-A   # 0:1579_:[..C]C - 0:1616_:[..A]A
  111.1233   187.4515    66.4896  # origin
    0.1277     0.0588    -0.9901  # x-axis
    0.8518     0.5049     0.1398  # y-axis
    0.5082    -0.8611     0.0144  # z-axis
...    11 A-G   # 0:1581_:[..A]A - 0:1614_:[..G]G
  120.2517   183.2564    62.0022  # origin
    0.1432     0.8555    -0.4975  # x-axis
    0.2002     0.4673     0.8611  # y-axis
    0.9692    -0.2229    -0.1044  # z-axis
...    12 C-C   # 0:1582_:[..C]C - 0:1613_:[..C]C
  123.2216   181.1536    60.7832  # origin
    0.1220     0.9385     0.3230  # x-axis
    0.0186    -0.3276     0.9446  # y-axis
    0.9924    -0.1092    -0.0574  # z-axis
...    13 U-A   # 0:1583_:[..U]U - 0:1612_:[..A]A
  126.4584   181.9490    60.1296  # origin
   -0.0191     0.4997     0.8660  # x-axis
   -0.0850    -0.8638     0.4966  # y-axis
    0.9962    -0.0641     0.0590  # z-axis
