   12 base-pairs
...     1 C-G   # 0:2098_:[..C]C - 0:2646_:[..G]G
   60.1490   133.7914    95.6328  # origin
    0.2483    -0.6890     0.6809  # x-axis
   -0.9303    -0.3655    -0.0307  # y-axis
    0.2700    -0.6258    -0.7317  # z-axis
...     2 A+A   # 0:2538_:[..A]A - 0:2103_:[..A]A
   66.5745   123.3601    92.0518  # origin
    0.0498    -0.2567     0.9652  # x-axis
   -0.9950     0.0707     0.0701  # y-axis
   -0.0862    -0.9639    -0.2519  # z-axis
...     3 A-G   # 0:2486_:[..A]A - 0:2102_:[..G]G
   66.2202   117.6244    96.6953  # origin
   -0.8659    -0.4823     0.1330  # x-axis
    0.4172    -0.5496     0.7238  # y-axis
   -0.2760     0.6822     0.6771  # z-axis
...     4 C-A   # 0:2536_:[..C]C - 0:2485_:[..A]A
   66.7346   112.9479    95.1940  # origin
   -0.7888    -0.5257    -0.3185  # x-axis
   -0.4157     0.8380    -0.3535  # y-axis
    0.4527    -0.1465    -0.8795  # z-axis
...     5 G-C   # 0:2481_:[..G]G - 0:2105_:[..C]C
   65.0423   113.2476    90.2181  # origin
    0.0707     0.8966    -0.4372  # x-axis
   -0.9261    -0.1038    -0.3626  # y-axis
   -0.3705     0.4305     0.8230  # z-axis
...     6 C-U   # 0:2487_:[..C]C - 0:2535_:[..U]U
   62.1473   115.2249   100.1472  # origin
    0.0381    -0.9933    -0.1094  # x-axis
    0.8676    -0.0215     0.4968  # y-axis
   -0.4958    -0.1138     0.8609  # z-axis
...     7 A-C   # 0:2488_:[..A]A - 0:2534_:[..C]C
   59.8963   113.0713   102.6580  # origin
    0.6221    -0.7465    -0.2360  # x-axis
    0.7507     0.4832     0.4505  # y-axis
   -0.2222    -0.4574     0.8610  # z-axis
...     8 G-C   # 0:2489_:[..G]G - 0:2533_:[..C]C
   58.6634   109.3549   104.5848  # origin
    0.9365    -0.3501    -0.0201  # x-axis
    0.3185     0.8252     0.4664  # y-axis
   -0.1467    -0.4432     0.8843  # z-axis
...     9 G+U   # 0:2540_:[..G]G - 0:2645_:[..U]U
   70.1588   131.4969   101.9424  # origin
    0.5232     0.8428    -0.1264  # x-axis
   -0.8513     0.5099    -0.1241  # y-axis
   -0.0401     0.1726     0.9842  # z-axis
...    10 U-G   # 0:2541_:[..U]U - 0:2618_:[..G]G
   75.0122   126.8936   104.4254  # origin
   -0.2916     0.9186    -0.2666  # x-axis
   -0.9182    -0.3469    -0.1911  # y-axis
   -0.2681     0.1891     0.9447  # z-axis
...    11 A-G   # 0:2622_:[..A]A - 0:2643_:[..G]G
   82.0212   129.7187    93.7969  # origin
    0.2266    -0.1145     0.9672  # x-axis
   -0.0507    -0.9931    -0.1057  # y-axis
    0.9727    -0.0251    -0.2308  # z-axis
...    12 G-C   # 0:2623_:[..G]G - 0:2641_:[..C]C
   89.3401   128.0317    95.0803  # origin
   -0.5547    -0.7759     0.3004  # x-axis
   -0.3409    -0.1174    -0.9327  # y-axis
    0.7590    -0.6198    -0.1994  # z-axis
